0 Person_or_Vehicle Person_or_Vehicle Person_or_Vehicle:0.658776958598 Other:0.1157919252 Building_or_Public_Space:0.179994888499 Road_or_Driveway:0.0409553372699 Traffic_Signal:0.00448089043299
1 Other Person_or_Vehicle Person_or_Vehicle:0.644424165552 Other:0.120453486216 Building_or_Public_Space:0.219482200435 Road_or_Driveway:0.0156401477977 Traffic_Signal:0.0
2 Other Other Person_or_Vehicle:0.349212568949 Other:0.423747176063 Building_or_Public_Space:0.0659547107101 Road_or_Driveway:0.158912236316 Traffic_Signal:0.00217330796236
3 Person_or_Vehicle Person_or_Vehicle Person_or_Vehicle:0.941098581505 Other:0.0170714329842 Building_or_Public_Space:0.024798554555 Road_or_Driveway:0.0169332644498 Traffic_Signal:9.81665060852e-05
4 Person_or_Vehicle Person_or_Vehicle Person_or_Vehicle:0.769273734893 Other:0.01939707974 Building_or_Public_Space:0.20480284898 Road_or_Driveway:0.00652633638673 Traffic_Signal:0.0
5 Building_or_Public_Space Person_or_Vehicle Person_or_Vehicle:0.531846114431 Other:0.0186135019975 Building_or_Public_Space:0.431500824505 Road_or_Driveway:0.0180395590658 Traffic_Signal:0.0
6 Other Building_or_Public_Space Person_or_Vehicle:0.410035621878 Other:0.0295818466451 Building_or_Public_Space:0.543039023536 Road_or_Driveway:0.0171973015654 Traffic_Signal:0.000146206374952
7 Person_or_Vehicle Person_or_Vehicle Person_or_Vehicle:0.968075159092 Other:0.00186493473869 Building_or_Public_Space:0.0265755626908 Road_or_Driveway:0.00344440700302 Traffic_Signal:3.99364758439e-05
8 Building_or_Public_Space Person_or_Vehicle Person_or_Vehicle:0.586042049292 Other:0.00084239936924 Building_or_Public_Space:0.41237992604 Road_or_Driveway:0.000735625298973 Traffic_Signal:0.0
9 Person_or_Vehicle Person_or_Vehicle Person_or_Vehicle:0.886234064104 Other:0.000215730851164 Building_or_Public_Space:0.107068269487 Road_or_Driveway:0.00647003467718 Traffic_Signal:1.19008803302e-05
10 Person_or_Vehicle Person_or_Vehicle Person_or_Vehicle:0.849248203137 Other:0.00144735576646 Building_or_Public_Space:0.135192496167 Road_or_Driveway:0.014111944929 Traffic_Signal:0.0
11 Person_or_Vehicle Person_or_Vehicle Person_or_Vehicle:0.978424553287 Other:0.00252199201161 Building_or_Public_Space:0.0165168630306 Road_or_Driveway:0.00253659167053 Traffic_Signal:0.0
12 Person_or_Vehicle Person_or_Vehicle Person_or_Vehicle:0.928974222896 Other:0.000727269648046 Building_or_Public_Space:0.0682425878397 Road_or_Driveway:0.0020559196166 Traffic_Signal:0.0
13 Person_or_Vehicle Person_or_Vehicle Person_or_Vehicle:0.940079025361 Other:0.0116918324282 Building_or_Public_Space:0.0450089391974 Road_or_Driveway:0.00322020301325 Traffic_Signal:0.0
14 Person_or_Vehicle Person_or_Vehicle Person_or_Vehicle:0.634334701289 Other:0.00914731258468 Building_or_Public_Space:0.347438537791 Road_or_Driveway:0.00907944833517 Traffic_Signal:0.0
15 Person_or_Vehicle Person_or_Vehicle Person_or_Vehicle:0.964945148015 Other:0.000994116302064 Building_or_Public_Space:0.0317454825022 Road_or_Driveway:0.00231525318114 Traffic_Signal:0.0
16 Person_or_Vehicle Person_or_Vehicle Person_or_Vehicle:0.896740580476 Other:0.00121163447129 Building_or_Public_Space:0.101211017075 Road_or_Driveway:0.000836767978027 Traffic_Signal:0.0
17 Person_or_Vehicle Person_or_Vehicle Person_or_Vehicle:0.830385994401 Other:0.00119057170398 Building_or_Public_Space:0.165635728886 Road_or_Driveway:0.00278770500922 Traffic_Signal:0.0
18 Building_or_Public_Space Person_or_Vehicle Person_or_Vehicle:0.574105619513 Other:0.000873484084611 Building_or_Public_Space:0.424215901299 Road_or_Driveway:0.000804995102556 Traffic_Signal:0.0
19 Person_or_Vehicle Person_or_Vehicle Person_or_Vehicle:0.921328907219 Other:8.43781818828e-05 Building_or_Public_Space:0.0763186271948 Road_or_Driveway:0.00222668063982 Traffic_Signal:4.14067640131e-05
20 Building_or_Public_Space Building_or_Public_Space Person_or_Vehicle:0.260090244739 Other:0.0127687833229 Building_or_Public_Space:0.719655279044 Road_or_Driveway:0.00748569289453 Traffic_Signal:0.0
21 Building_or_Public_Space Building_or_Public_Space Person_or_Vehicle:0.0474868339677 Other:0.0024660333799 Building_or_Public_Space:0.94132971875 Road_or_Driveway:0.0081520309914 Traffic_Signal:0.000565382910671
22 Building_or_Public_Space Building_or_Public_Space Person_or_Vehicle:0.170496064503 Other:0.000760937347117 Building_or_Public_Space:0.812297488109 Road_or_Driveway:0.0159348596868 Traffic_Signal:0.000510650354407
23 Person_or_Vehicle Person_or_Vehicle Person_or_Vehicle:0.716281790656 Other:0.00624909095599 Building_or_Public_Space:0.25935925561 Road_or_Driveway:0.0172125529512 Traffic_Signal:0.00089730982633
24 Building_or_Public_Space Building_or_Public_Space Person_or_Vehicle:0.104306799322 Other:0.00280640349677 Building_or_Public_Space:0.886285226322 Road_or_Driveway:0.00660157085923 Traffic_Signal:0.0
25 Person_or_Vehicle Person_or_Vehicle Person_or_Vehicle:0.811620790961 Other:0.000356016523308 Building_or_Public_Space:0.179206245944 Road_or_Driveway:0.00857055312547 Traffic_Signal:0.000246393445893
26 Building_or_Public_Space Building_or_Public_Space Person_or_Vehicle:0.109620663587 Other:0.005472983154 Building_or_Public_Space:0.862825133925 Road_or_Driveway:0.0220812193344 Traffic_Signal:0.0
27 Building_or_Public_Space Building_or_Public_Space Person_or_Vehicle:0.0940292903284 Other:0.00157460094854 Building_or_Public_Space:0.866175351178 Road_or_Driveway:0.0377697809773 Traffic_Signal:0.000450976567611
28 Building_or_Public_Space Building_or_Public_Space Person_or_Vehicle:0.0814236499047 Other:0.000589264616749 Building_or_Public_Space:0.895094367075 Road_or_Driveway:0.0219874727699 Traffic_Signal:0.000905245633979
29 Building_or_Public_Space Building_or_Public_Space Person_or_Vehicle:0.0120864118483 Other:0.000964224641982 Building_or_Public_Space:0.982754277005 Road_or_Driveway:0.00407849645081 Traffic_Signal:0.000116590054119
30 Building_or_Public_Space Building_or_Public_Space Person_or_Vehicle:0.147875603648 Other:0.00115785770255 Building_or_Public_Space:0.84053884279 Road_or_Driveway:0.0102578299794 Traffic_Signal:0.000169865879553
31 Building_or_Public_Space Building_or_Public_Space Person_or_Vehicle:0.129448969153 Other:0.00145139995886 Building_or_Public_Space:0.864148777693 Road_or_Driveway:0.00482973131379 Traffic_Signal:0.000121121881525
32 Building_or_Public_Space Building_or_Public_Space Person_or_Vehicle:0.140225287347 Other:0.0104741738153 Building_or_Public_Space:0.708893156853 Road_or_Driveway:0.139782606242 Traffic_Signal:0.000624775741858
33 Building_or_Public_Space Building_or_Public_Space Person_or_Vehicle:0.0505137235977 Other:0.00482220556562 Building_or_Public_Space:0.92151353839 Road_or_Driveway:0.0228262345831 Traffic_Signal:0.000324297864045
34 Person_or_Vehicle Person_or_Vehicle Person_or_Vehicle:0.885774418514 Other:0.000225040060244 Building_or_Public_Space:0.112753243586 Road_or_Driveway:0.00111611291472 Traffic_Signal:0.000131184925123
35 Building_or_Public_Space Person_or_Vehicle Person_or_Vehicle:0.679880390068 Other:0.0028327854134 Building_or_Public_Space:0.315716000949 Road_or_Driveway:0.00157082356985 Traffic_Signal:0.0
36 Person_or_Vehicle Building_or_Public_Space Person_or_Vehicle:0.31351477139 Other:0.00235956571876 Building_or_Public_Space:0.67156989122 Road_or_Driveway:0.0117348621286 Traffic_Signal:0.000820909542046
37 Building_or_Public_Space Building_or_Public_Space Person_or_Vehicle:0.121605758594 Other:0.00479756220756 Building_or_Public_Space:0.658139966901 Road_or_Driveway:0.215456712297 Traffic_Signal:0.0
38 Person_or_Vehicle Person_or_Vehicle Person_or_Vehicle:0.760641908661 Other:0.00115413307031 Building_or_Public_Space:0.121689152445 Road_or_Driveway:0.114753256063 Traffic_Signal:0.00176154976032
39 Person_or_Vehicle Person_or_Vehicle Person_or_Vehicle:0.838010978545 Other:0.0218026572944 Building_or_Public_Space:0.129628303025 Road_or_Driveway:0.0105580611357 Traffic_Signal:0.0
40 Person_or_Vehicle Person_or_Vehicle Person_or_Vehicle:0.786369565313 Other:0.0102699235031 Building_or_Public_Space:0.195626490113 Road_or_Driveway:0.00773402107016 Traffic_Signal:0.0
41 Building_or_Public_Space Person_or_Vehicle Person_or_Vehicle:0.747609236491 Other:0.00259046277141 Building_or_Public_Space:0.24815929631 Road_or_Driveway:0.00164100442702 Traffic_Signal:0.0
42 Person_or_Vehicle Person_or_Vehicle Person_or_Vehicle:0.807110635199 Other:0.00298011179411 Building_or_Public_Space:0.179634946162 Road_or_Driveway:0.0101290859162 Traffic_Signal:0.000145220928154
43 Person_or_Vehicle Person_or_Vehicle Person_or_Vehicle:0.97659887847 Other:0.000810475961241 Building_or_Public_Space:0.0214817181677 Road_or_Driveway:0.00110892740139 Traffic_Signal:0.0
44 Person_or_Vehicle Person_or_Vehicle Person_or_Vehicle:0.52928595947 Other:0.00330800386315 Building_or_Public_Space:0.45154647954 Road_or_Driveway:0.0158595571272 Traffic_Signal:0.0
45 Building_or_Public_Space Building_or_Public_Space Person_or_Vehicle:0.317742632114 Other:0.00219840714477 Building_or_Public_Space:0.482851653725 Road_or_Driveway:0.197207307016 Traffic_Signal:0.0
46 Road_or_Driveway Person_or_Vehicle Person_or_Vehicle:0.41606183366 Other:0.00481558024741 Building_or_Public_Space:0.392531679814 Road_or_Driveway:0.18629376103 Traffic_Signal:0.000297145249121
47 Person_or_Vehicle Person_or_Vehicle Person_or_Vehicle:0.637978180836 Other:0.00731605617688 Building_or_Public_Space:0.266901420736 Road_or_Driveway:0.0858958017824 Traffic_Signal:0.00190854046936
48 Building_or_Public_Space Person_or_Vehicle Person_or_Vehicle:0.669917443826 Other:0.00820758384611 Building_or_Public_Space:0.308687680776 Road_or_Driveway:0.0131872915513 Traffic_Signal:0.0
49 Person_or_Vehicle Person_or_Vehicle Person_or_Vehicle:0.502042496795 Other:0.0051611712894 Building_or_Public_Space:0.463853834771 Road_or_Driveway:0.0280508664667 Traffic_Signal:0.000891630678572
50 Building_or_Public_Space Person_or_Vehicle Person_or_Vehicle:0.541258418049 Other:0.00176504336757 Building_or_Public_Space:0.436485697714 Road_or_Driveway:0.0204908408696 Traffic_Signal:0.0
51 Building_or_Public_Space Building_or_Public_Space Person_or_Vehicle:0.143073340448 Other:0.000495054780947 Building_or_Public_Space:0.838317153075 Road_or_Driveway:0.0135902828204 Traffic_Signal:0.00452416887605
52 Person_or_Vehicle Person_or_Vehicle Person_or_Vehicle:0.812867735337 Other:0.00084348106897 Building_or_Public_Space:0.172639225974 Road_or_Driveway:0.0135032110363 Traffic_Signal:0.000146346583834
53 Person_or_Vehicle Person_or_Vehicle Person_or_Vehicle:0.957845239594 Other:0.00079213370159 Building_or_Public_Space:0.0371056306914 Road_or_Driveway:0.00425699601314 Traffic_Signal:0.0
54 Building_or_Public_Space Building_or_Public_Space Person_or_Vehicle:0.342844568449 Other:0.0024765362796 Building_or_Public_Space:0.631434878954 Road_or_Driveway:0.0232440163175 Traffic_Signal:0.0
55 Building_or_Public_Space Building_or_Public_Space Person_or_Vehicle:0.0776996072521 Other:0.00168048068882 Building_or_Public_Space:0.883914254254 Road_or_Driveway:0.0366386378771 Traffic_Signal:6.7019928411e-05
56 Building_or_Public_Space Building_or_Public_Space Person_or_Vehicle:0.248270332062 Other:0.000464765493656 Building_or_Public_Space:0.678794290585 Road_or_Driveway:0.072265490059 Traffic_Signal:0.000205121800728
57 Building_or_Public_Space Person_or_Vehicle Person_or_Vehicle:0.738372468796 Other:0.003261111696 Building_or_Public_Space:0.253119723903 Road_or_Driveway:0.00518825161267 Traffic_Signal:5.84439924221e-05
58 Building_or_Public_Space Building_or_Public_Space Person_or_Vehicle:0.0455519141912 Other:0.00023994120965 Building_or_Public_Space:0.944264944581 Road_or_Driveway:0.00988294983288 Traffic_Signal:6.02501855655e-05
59 Road_or_Driveway Road_or_Driveway Person_or_Vehicle:0.103235551036 Other:0.0105403932603 Building_or_Public_Space:0.398073572828 Road_or_Driveway:0.484537963545 Traffic_Signal:0.00361251933024
60 Building_or_Public_Space Building_or_Public_Space Person_or_Vehicle:0.26031437096 Other:0.00399546295539 Building_or_Public_Space:0.709905115346 Road_or_Driveway:0.0251970017345 Traffic_Signal:0.00058804900499
61 Other Person_or_Vehicle Person_or_Vehicle:0.557763620448 Other:0.0983478199975 Building_or_Public_Space:0.332414668468 Road_or_Driveway:0.010949769857 Traffic_Signal:0.00052412122924
62 Other Person_or_Vehicle Person_or_Vehicle:0.765303909775 Other:0.182743876761 Building_or_Public_Space:0.0309315850642 Road_or_Driveway:0.0209241868907 Traffic_Signal:9.64415096379e-05
63 Person_or_Vehicle Person_or_Vehicle Person_or_Vehicle:0.951425019685 Other:0.0168359811762 Building_or_Public_Space:0.0196164460279 Road_or_Driveway:0.0118079779414 Traffic_Signal:0.000314575169708
64 Building_or_Public_Space Person_or_Vehicle Person_or_Vehicle:0.507070878578 Other:0.0130542557969 Building_or_Public_Space:0.456668166586 Road_or_Driveway:0.0232066990396 Traffic_Signal:0.0
65 Building_or_Public_Space Building_or_Public_Space Person_or_Vehicle:0.11240056666 Other:0.00175988917257 Building_or_Public_Space:0.877262010393 Road_or_Driveway:0.00830243882511 Traffic_Signal:0.000275094949451
66 Building_or_Public_Space Building_or_Public_Space Person_or_Vehicle:0.0561085913595 Other:0.00121112912757 Building_or_Public_Space:0.887438263969 Road_or_Driveway:0.0538163698504 Traffic_Signal:0.00142564569388
67 Building_or_Public_Space Building_or_Public_Space Person_or_Vehicle:0.306429365744 Other:0.00115261450803 Building_or_Public_Space:0.685647909282 Road_or_Driveway:0.0060939712496 Traffic_Signal:0.000676139216169
68 Person_or_Vehicle Person_or_Vehicle Person_or_Vehicle:0.694771543259 Other:0.00309062773357 Building_or_Public_Space:0.277746522971 Road_or_Driveway:0.0242402994615 Traffic_Signal:0.000151006574447
69 Building_or_Public_Space Person_or_Vehicle Person_or_Vehicle:0.579550346013 Other:0.00305499100775 Building_or_Public_Space:0.414341485173 Road_or_Driveway:0.00305317780661 Traffic_Signal:0.0
70 Building_or_Public_Space Building_or_Public_Space Person_or_Vehicle:0.408152737285 Other:0.00728257787536 Building_or_Public_Space:0.573383132592 Road_or_Driveway:0.0110478973612 Traffic_Signal:0.000133654886963
71 Road_or_Driveway Building_or_Public_Space Person_or_Vehicle:0.138690008688 Other:0.000742047818021 Building_or_Public_Space:0.46608841056 Road_or_Driveway:0.39394290785 Traffic_Signal:0.000536625083289
72 Building_or_Public_Space Building_or_Public_Space Person_or_Vehicle:0.12910933847 Other:0.00410091819918 Building_or_Public_Space:0.821087363511 Road_or_Driveway:0.0448244989421 Traffic_Signal:0.000877880878147
73 Road_or_Driveway Road_or_Driveway Person_or_Vehicle:0.201614678377 Other:0.0046153471693 Building_or_Public_Space:0.217896034367 Road_or_Driveway:0.573836281512 Traffic_Signal:0.00203765857413
74 Building_or_Public_Space Building_or_Public_Space Person_or_Vehicle:0.104248606385 Other:0.00200324195862 Building_or_Public_Space:0.879451528585 Road_or_Driveway:0.0141838079539 Traffic_Signal:0.00011281511702
75 Person_or_Vehicle Building_or_Public_Space Person_or_Vehicle:0.319086423307 Other:0.000605136496606 Building_or_Public_Space:0.659626559047 Road_or_Driveway:0.0203421163645 Traffic_Signal:0.000339764784906
76 Building_or_Public_Space Person_or_Vehicle Person_or_Vehicle:0.905639165634 Other:0.00271748822089 Building_or_Public_Space:0.0870110847065 Road_or_Driveway:0.0046322614387 Traffic_Signal:0.0
77 Person_or_Vehicle Person_or_Vehicle Person_or_Vehicle:0.92150534242 Other:0.00061881141666 Building_or_Public_Space:0.0730570011771 Road_or_Driveway:0.00477680562918 Traffic_Signal:4.20393568104e-05
78 Person_or_Vehicle Person_or_Vehicle Person_or_Vehicle:0.955454116799 Other:0.00963271175579 Building_or_Public_Space:0.0310191867299 Road_or_Driveway:0.00389398471483 Traffic_Signal:0.0
79 Other Person_or_Vehicle Person_or_Vehicle:0.414648814533 Other:0.144795969101 Building_or_Public_Space:0.405757123922 Road_or_Driveway:0.0347980924447 Traffic_Signal:0.0
80 Person_or_Vehicle Person_or_Vehicle Person_or_Vehicle:0.907591505089 Other:0.0247758144105 Building_or_Public_Space:0.051516520808 Road_or_Driveway:0.0139290854978 Traffic_Signal:0.00218707419459
81 Person_or_Vehicle Person_or_Vehicle Person_or_Vehicle:0.932483249711 Other:0.000358695371385 Building_or_Public_Space:0.0652364799565 Road_or_Driveway:0.00192157496077 Traffic_Signal:0.0
82 Person_or_Vehicle Person_or_Vehicle Person_or_Vehicle:0.6982295058 Other:0.000938415619801 Building_or_Public_Space:0.298315689136 Road_or_Driveway:0.00251638944467 Traffic_Signal:0.0
83 Building_or_Public_Space Person_or_Vehicle Person_or_Vehicle:0.549702894801 Other:0.00300328447866 Building_or_Public_Space:0.428442993972 Road_or_Driveway:0.0188508267484 Traffic_Signal:0.0
84 Person_or_Vehicle Person_or_Vehicle Person_or_Vehicle:0.678652225712 Other:0.00355416338871 Building_or_Public_Space:0.305599123711 Road_or_Driveway:0.0119873814079 Traffic_Signal:0.000207105779789
85 Person_or_Vehicle Person_or_Vehicle Person_or_Vehicle:0.816066995405 Other:0.00164671604926 Building_or_Public_Space:0.181609574159 Road_or_Driveway:0.00067671438583 Traffic_Signal:0.0
86 Person_or_Vehicle Person_or_Vehicle Person_or_Vehicle:0.916329254925 Other:0.0212640894371 Building_or_Public_Space:0.0584172718128 Road_or_Driveway:0.00398938382487 Traffic_Signal:0.0
87 Person_or_Vehicle Person_or_Vehicle Person_or_Vehicle:0.869949744589 Other:0.0127295001273 Building_or_Public_Space:0.115533309116 Road_or_Driveway:0.00178744616779 Traffic_Signal:0.0
88 Building_or_Public_Space Person_or_Vehicle Person_or_Vehicle:0.740563530744 Other:0.00111416200892 Building_or_Public_Space:0.256494474881 Road_or_Driveway:0.00182783236573 Traffic_Signal:0.0
89 Person_or_Vehicle Person_or_Vehicle Person_or_Vehicle:0.885774418514 Other:0.000225040060244 Building_or_Public_Space:0.112753243586 Road_or_Driveway:0.00111611291472 Traffic_Signal:0.000131184925123
90 Building_or_Public_Space Person_or_Vehicle Person_or_Vehicle:0.548472822619 Other:0.00372767791656 Building_or_Public_Space:0.445263242115 Road_or_Driveway:0.00253625734962 Traffic_Signal:0.0
91 Building_or_Public_Space Building_or_Public_Space Person_or_Vehicle:0.0599869140858 Other:0.0011534528402 Building_or_Public_Space:0.932471424234 Road_or_Driveway:0.00626672798 Traffic_Signal:0.000121480860061
92 Building_or_Public_Space Building_or_Public_Space Person_or_Vehicle:0.210254351712 Other:0.00467098621841 Building_or_Public_Space:0.745871497177 Road_or_Driveway:0.0390320860427 Traffic_Signal:0.000171078850202
93 Building_or_Public_Space Building_or_Public_Space Person_or_Vehicle:0.162304304145 Other:0.00235228906504 Building_or_Public_Space:0.777858919449 Road_or_Driveway:0.0573778564219 Traffic_Signal:0.000106630919208
94 Road_or_Driveway Building_or_Public_Space Person_or_Vehicle:0.149040375323 Other:0.00178421642404 Building_or_Public_Space:0.80111119665 Road_or_Driveway:0.0477062562211 Traffic_Signal:0.000357955382529
95 Person_or_Vehicle Person_or_Vehicle Person_or_Vehicle:0.700114162242 Other:0.00502979694069 Building_or_Public_Space:0.188232798364 Road_or_Driveway:0.105928343914 Traffic_Signal:0.000694898539931
96 Person_or_Vehicle Person_or_Vehicle Person_or_Vehicle:0.902414477518 Other:0.000508766409882 Building_or_Public_Space:0.0966343523367 Road_or_Driveway:0.000442403735076 Traffic_Signal:0.0
97 Building_or_Public_Space Building_or_Public_Space Person_or_Vehicle:0.265516671404 Other:0.00137068619544 Building_or_Public_Space:0.726462403186 Road_or_Driveway:0.00665023921414 Traffic_Signal:0.0
98 Building_or_Public_Space Building_or_Public_Space Person_or_Vehicle:0.0668871274043 Other:0.000649702862418 Building_or_Public_Space:0.914200165881 Road_or_Driveway:0.0182525196805 Traffic_Signal:1.04841720467e-05
99 Person_or_Vehicle Person_or_Vehicle Person_or_Vehicle:0.92433619351 Other:0.00490421454747 Building_or_Public_Space:0.0519140524717 Road_or_Driveway:0.0186183680078 Traffic_Signal:0.000227171462735
100 Road_or_Driveway Person_or_Vehicle Person_or_Vehicle:0.516932417111 Other:0.00384146668564 Building_or_Public_Space:0.139428464959 Road_or_Driveway:0.339797651244 Traffic_Signal:0.0
101 Person_or_Vehicle Person_or_Vehicle Person_or_Vehicle:0.726255690385 Other:0.00186325564401 Building_or_Public_Space:0.107844872968 Road_or_Driveway:0.162905062174 Traffic_Signal:0.0011311188294
102 Road_or_Driveway Building_or_Public_Space Person_or_Vehicle:0.0688940222154 Other:0.00309236371098 Building_or_Public_Space:0.750360101909 Road_or_Driveway:0.177653512165 Traffic_Signal:0.0
103 Road_or_Driveway Road_or_Driveway Person_or_Vehicle:0.160965569379 Other:0.00327305345601 Building_or_Public_Space:0.03584785875 Road_or_Driveway:0.799731922664 Traffic_Signal:0.000181595751102
104 Traffic_Signal Building_or_Public_Space Person_or_Vehicle:0.296632755873 Other:0.0164944079192 Building_or_Public_Space:0.300319696078 Road_or_Driveway:0.26490432053 Traffic_Signal:0.121648819599
105 Building_or_Public_Space Building_or_Public_Space Person_or_Vehicle:0.0848490415539 Other:0.0 Building_or_Public_Space:0.890978911829 Road_or_Driveway:0.0188000184058 Traffic_Signal:0.00537202821123
106 Road_or_Driveway Road_or_Driveway Person_or_Vehicle:0.251942604255 Other:0.00226803052032 Building_or_Public_Space:0.189297179945 Road_or_Driveway:0.555357609548 Traffic_Signal:0.00113457573141
107 Traffic_Signal Road_or_Driveway Person_or_Vehicle:0.144770110234 Other:0.0181647478764 Building_or_Public_Space:0.399382031867 Road_or_Driveway:0.404099239819 Traffic_Signal:0.0335838702039
108 Person_or_Vehicle Person_or_Vehicle Person_or_Vehicle:0.911818250801 Other:0.0 Building_or_Public_Space:0.0493756126791 Road_or_Driveway:0.0017423834464 Traffic_Signal:0.0370637530733
109 Building_or_Public_Space Person_or_Vehicle Person_or_Vehicle:0.621539928495 Other:0.0119761317682 Building_or_Public_Space:0.33229693105 Road_or_Driveway:0.0341870086868 Traffic_Signal:0.0
110 Person_or_Vehicle Person_or_Vehicle Person_or_Vehicle:0.565015305988 Other:0.00288158983607 Building_or_Public_Space:0.397659761638 Road_or_Driveway:0.0338546540574 Traffic_Signal:0.000588688480415
111 Building_or_Public_Space Building_or_Public_Space Person_or_Vehicle:0.122012064086 Other:0.00546421817813 Building_or_Public_Space:0.781628302464 Road_or_Driveway:0.0908954152718 Traffic_Signal:0.0
112 Road_or_Driveway Road_or_Driveway Person_or_Vehicle:0.294744035105 Other:0.00360922614696 Building_or_Public_Space:0.105578893392 Road_or_Driveway:0.595697901683 Traffic_Signal:0.000369943672718
113 Person_or_Vehicle Road_or_Driveway Person_or_Vehicle:0.372433606851 Other:0.00309844854948 Building_or_Public_Space:0.149390436477 Road_or_Driveway:0.466301481945 Traffic_Signal:0.00877602617748
114 Building_or_Public_Space Person_or_Vehicle Person_or_Vehicle:0.521041645615 Other:0.0020523868874 Building_or_Public_Space:0.428955776674 Road_or_Driveway:0.0479501908239 Traffic_Signal:0.0
115 Building_or_Public_Space Building_or_Public_Space Person_or_Vehicle:0.185587920384 Other:0.00139953186121 Building_or_Public_Space:0.733936437453 Road_or_Driveway:0.0783522198537 Traffic_Signal:0.000723890448236
116 Person_or_Vehicle Person_or_Vehicle Person_or_Vehicle:0.907496712806 Other:0.00830060330899 Building_or_Public_Space:0.0775551336992 Road_or_Driveway:0.00656606515479 Traffic_Signal:8.14850305842e-05
117 Person_or_Vehicle Person_or_Vehicle Person_or_Vehicle:0.936123273942 Other:0.0171074000761 Building_or_Public_Space:0.0448831136067 Road_or_Driveway:0.00188621237549 Traffic_Signal:0.0
118 Other Person_or_Vehicle Person_or_Vehicle:0.722505565475 Other:0.0844148896135 Building_or_Public_Space:0.190517504508 Road_or_Driveway:0.00256204040324 Traffic_Signal:0.0
119 Person_or_Vehicle Person_or_Vehicle Person_or_Vehicle:0.89229910658 Other:0.050342065208 Building_or_Public_Space:0.0406843981382 Road_or_Driveway:0.016472210247 Traffic_Signal:0.000202219826421
120 Building_or_Public_Space Person_or_Vehicle Person_or_Vehicle:0.526541499733 Other:0.0027254423795 Building_or_Public_Space:0.46520234713 Road_or_Driveway:0.00553071075744 Traffic_Signal:0.0
121 Person_or_Vehicle Person_or_Vehicle Person_or_Vehicle:0.959295130892 Other:0.00174991132224 Building_or_Public_Space:0.0342762072106 Road_or_Driveway:0.00465697744046 Traffic_Signal:2.17731342758e-05
122 Person_or_Vehicle Person_or_Vehicle Person_or_Vehicle:0.938543428016 Other:0.00338410474394 Building_or_Public_Space:0.0557057446971 Road_or_Driveway:0.00236672254274 Traffic_Signal:0.0
123 Building_or_Public_Space Building_or_Public_Space Person_or_Vehicle:0.439001065985 Other:0.010947689561 Building_or_Public_Space:0.505098212969 Road_or_Driveway:0.0449530314849 Traffic_Signal:0.0
124 Person_or_Vehicle Person_or_Vehicle Person_or_Vehicle:0.885774418514 Other:0.000225040060244 Building_or_Public_Space:0.112753243586 Road_or_Driveway:0.00111611291472 Traffic_Signal:0.000131184925123
125 Building_or_Public_Space Person_or_Vehicle Person_or_Vehicle:0.548472822619 Other:0.00372767791656 Building_or_Public_Space:0.445263242115 Road_or_Driveway:0.00253625734962 Traffic_Signal:0.0
126 Building_or_Public_Space Building_or_Public_Space Person_or_Vehicle:0.409407600475 Other:0.00241542532853 Building_or_Public_Space:0.562362480364 Road_or_Driveway:0.0249636168949 Traffic_Signal:0.000850876936826
127 Person_or_Vehicle Building_or_Public_Space Person_or_Vehicle:0.198221121945 Other:0.00151259607106 Building_or_Public_Space:0.784912812303 Road_or_Driveway:0.0148584281192 Traffic_Signal:0.00049504156161
128 Building_or_Public_Space Building_or_Public_Space Person_or_Vehicle:0.138133885495 Other:0.00372540407694 Building_or_Public_Space:0.850801038348 Road_or_Driveway:0.0073396720798 Traffic_Signal:0.0
129 Building_or_Public_Space Building_or_Public_Space Person_or_Vehicle:0.434645993112 Other:0.00589432348576 Building_or_Public_Space:0.509258558067 Road_or_Driveway:0.049266271323 Traffic_Signal:0.000934854012189
130 Person_or_Vehicle Person_or_Vehicle Person_or_Vehicle:0.918600157309 Other:0.0104209741462 Building_or_Public_Space:0.0365057279936 Road_or_Driveway:0.0330582227315 Traffic_Signal:0.00141491781985
131 Person_or_Vehicle Person_or_Vehicle Person_or_Vehicle:0.911768610282 Other:0.00156726281562 Building_or_Public_Space:0.0747702467785 Road_or_Driveway:0.0118938801238 Traffic_Signal:0.0
132 Road_or_Driveway Person_or_Vehicle Person_or_Vehicle:0.805618198782 Other:0.0112784812834 Building_or_Public_Space:0.0800581065872 Road_or_Driveway:0.103045213348 Traffic_Signal:0.0
133 Person_or_Vehicle Person_or_Vehicle Person_or_Vehicle:0.451241801739 Other:0.0197477835454 Building_or_Public_Space:0.15912594857 Road_or_Driveway:0.36686839271 Traffic_Signal:0.00301607343597
134 Road_or_Driveway Building_or_Public_Space Person_or_Vehicle:0.381258230711 Other:0.00320751781186 Building_or_Public_Space:0.560210507879 Road_or_Driveway:0.0553237435978 Traffic_Signal:0.0
135 Road_or_Driveway Road_or_Driveway Person_or_Vehicle:0.0997797570513 Other:0.0154737559622 Building_or_Public_Space:0.119880975788 Road_or_Driveway:0.750300505105 Traffic_Signal:0.0145650060942
136 Building_or_Public_Space Building_or_Public_Space Person_or_Vehicle:0.232581630628 Other:0.00126467609103 Building_or_Public_Space:0.759225257582 Road_or_Driveway:0.00678686749729 Traffic_Signal:0.000141568201102
137 Building_or_Public_Space Building_or_Public_Space Person_or_Vehicle:0.243727201575 Other:0.000132436942757 Building_or_Public_Space:0.754823205858 Road_or_Driveway:0.00130508613478 Traffic_Signal:1.20694888051e-05
138 Building_or_Public_Space Building_or_Public_Space Person_or_Vehicle:0.116073722344 Other:0.00123803000435 Building_or_Public_Space:0.878684156463 Road_or_Driveway:0.00398185864103 Traffic_Signal:2.2232547286e-05
139 Building_or_Public_Space Building_or_Public_Space Person_or_Vehicle:0.115973004763 Other:0.00974978789407 Building_or_Public_Space:0.87010131042 Road_or_Driveway:0.00416327065378 Traffic_Signal:1.26262695268e-05
140 Person_or_Vehicle Person_or_Vehicle Person_or_Vehicle:0.51416082338 Other:0.0111644500258 Building_or_Public_Space:0.408943315063 Road_or_Driveway:0.0653153669352 Traffic_Signal:0.000416044596512
141 Building_or_Public_Space Person_or_Vehicle Person_or_Vehicle:0.641525680042 Other:0.00301084784542 Building_or_Public_Space:0.350642310386 Road_or_Driveway:0.00482116172704 Traffic_Signal:0.0
142 Road_or_Driveway Road_or_Driveway Person_or_Vehicle:0.0755602869985 Other:0.00324672061222 Building_or_Public_Space:0.0165880822926 Road_or_Driveway:0.903994102996 Traffic_Signal:0.00061080710104
143 Building_or_Public_Space Building_or_Public_Space Person_or_Vehicle:0.0131995689458 Other:0.00474573126591 Building_or_Public_Space:0.954819046365 Road_or_Driveway:0.0251455729917 Traffic_Signal:0.00209008043176
144 Building_or_Public_Space Building_or_Public_Space Person_or_Vehicle:0.0155558151445 Other:0.00165016899656 Building_or_Public_Space:0.967081499393 Road_or_Driveway:0.0152930842419 Traffic_Signal:0.000419432223526
145 Other Person_or_Vehicle Person_or_Vehicle:0.644658952792 Other:0.0390636752794 Building_or_Public_Space:0.270681040127 Road_or_Driveway:0.0439623700671 Traffic_Signal:0.0016339617353
146 Person_or_Vehicle Person_or_Vehicle Person_or_Vehicle:0.952003128921 Other:0.0198055451279 Building_or_Public_Space:0.010446378149 Road_or_Driveway:0.0174999992383 Traffic_Signal:0.000244948564146
147 Other Person_or_Vehicle Person_or_Vehicle:0.874107574572 Other:0.107427169433 Building_or_Public_Space:0.0105836090175 Road_or_Driveway:0.00788164697808 Traffic_Signal:0.0
148 Other Other Person_or_Vehicle:0.0462175369207 Other:0.479921247554 Building_or_Public_Space:0.0464981097852 Road_or_Driveway:0.423297267182 Traffic_Signal:0.00406583855732
149 Person_or_Vehicle Person_or_Vehicle Person_or_Vehicle:0.923555245592 Other:0.0445817953385 Building_or_Public_Space:0.0113277708043 Road_or_Driveway:0.0170389482033 Traffic_Signal:0.0034962400617
150 Person_or_Vehicle Person_or_Vehicle Person_or_Vehicle:0.795939845017 Other:0.0807645188889 Building_or_Public_Space:0.112446937846 Road_or_Driveway:0.0108486982479 Traffic_Signal:0.0
151 Other Person_or_Vehicle Person_or_Vehicle:0.588947372209 Other:0.0316520253065 Building_or_Public_Space:0.375649907107 Road_or_Driveway:0.00375069537792 Traffic_Signal:0.0
152 Person_or_Vehicle Person_or_Vehicle Person_or_Vehicle:0.864482975767 Other:0.0101566475767 Building_or_Public_Space:0.110269058716 Road_or_Driveway:0.0142259115981 Traffic_Signal:0.00086540634248
153 Person_or_Vehicle Person_or_Vehicle Person_or_Vehicle:0.948346067965 Other:0.00181437768954 Building_or_Public_Space:0.0448972061193 Road_or_Driveway:0.00494234822636 Traffic_Signal:0.0
154 Person_or_Vehicle Person_or_Vehicle Person_or_Vehicle:0.963780255738 Other:0.00151053778247 Building_or_Public_Space:0.0321430531823 Road_or_Driveway:0.00256615329694 Traffic_Signal:0.0
155 Person_or_Vehicle Person_or_Vehicle Person_or_Vehicle:0.897768458653 Other:0.00164502668066 Building_or_Public_Space:0.0895393272105 Road_or_Driveway:0.0110471874557 Traffic_Signal:0.0
156 Person_or_Vehicle Person_or_Vehicle Person_or_Vehicle:0.969976176093 Other:0.00111112942418 Building_or_Public_Space:0.0219566675479 Road_or_Driveway:0.00695602693485 Traffic_Signal:0.0
157 Person_or_Vehicle Person_or_Vehicle Person_or_Vehicle:0.970496238403 Other:0.00443769756282 Building_or_Public_Space:0.02070639978 Road_or_Driveway:0.00435966425376 Traffic_Signal:0.0
158 Person_or_Vehicle Person_or_Vehicle Person_or_Vehicle:0.89893537861 Other:0.00434119403047 Building_or_Public_Space:0.087768248138 Road_or_Driveway:0.0089551792219 Traffic_Signal:0.0
159 Person_or_Vehicle Person_or_Vehicle Person_or_Vehicle:0.944923706665 Other:0.00201570837323 Building_or_Public_Space:0.0495357397292 Road_or_Driveway:0.00352484523297 Traffic_Signal:0.0
160 Person_or_Vehicle Person_or_Vehicle Person_or_Vehicle:0.950372085389 Other:0.00267898345275 Building_or_Public_Space:0.0438830948316 Road_or_Driveway:0.00306583632677 Traffic_Signal:0.0
161 Building_or_Public_Space Building_or_Public_Space Person_or_Vehicle:0.415664754089 Other:0.00487326447419 Building_or_Public_Space:0.576618985639 Road_or_Driveway:0.00284299579811 Traffic_Signal:0.0
162 Person_or_Vehicle Person_or_Vehicle Person_or_Vehicle:0.837743612647 Other:0.000260803692695 Building_or_Public_Space:0.160898530259 Road_or_Driveway:0.000961008648935 Traffic_Signal:0.000136044752257
163 Person_or_Vehicle Person_or_Vehicle Person_or_Vehicle:0.552694780147 Other:0.0121716423856 Building_or_Public_Space:0.413658335454 Road_or_Driveway:0.0214752420137 Traffic_Signal:0.0
164 Road_or_Driveway Building_or_Public_Space Person_or_Vehicle:0.234450295956 Other:0.00667430148952 Building_or_Public_Space:0.455725153465 Road_or_Driveway:0.303150249089 Traffic_Signal:0.0
165 Other Person_or_Vehicle Person_or_Vehicle:0.752344281327 Other:0.218255544701 Building_or_Public_Space:0.022033379454 Road_or_Driveway:0.00713230264797 Traffic_Signal:0.000234491869165
166 Other Other Person_or_Vehicle:0.232436646651 Other:0.554580329487 Building_or_Public_Space:0.0824889357895 Road_or_Driveway:0.129872194287 Traffic_Signal:0.000621893785932
167 Road_or_Driveway Road_or_Driveway Person_or_Vehicle:0.324803959481 Other:0.0398254538604 Building_or_Public_Space:0.12033071132 Road_or_Driveway:0.512836021924 Traffic_Signal:0.00220385341407
168 Road_or_Driveway Person_or_Vehicle Person_or_Vehicle:0.432798626605 Other:0.00582660629862 Building_or_Public_Space:0.372236186515 Road_or_Driveway:0.188470922839 Traffic_Signal:0.000667657742259
169 Person_or_Vehicle Person_or_Vehicle Person_or_Vehicle:0.768270244617 Other:0.0033642369806 Building_or_Public_Space:0.202168580027 Road_or_Driveway:0.0258171342611 Traffic_Signal:0.000379804113764
170 Road_or_Driveway Person_or_Vehicle Person_or_Vehicle:0.769568831188 Other:0.00879274522102 Building_or_Public_Space:0.0733188656495 Road_or_Driveway:0.148319557942 Traffic_Signal:0.0
171 Person_or_Vehicle Person_or_Vehicle Person_or_Vehicle:0.927809893767 Other:0.00548240740357 Building_or_Public_Space:0.05548020535 Road_or_Driveway:0.0110371221319 Traffic_Signal:0.000190371347172
172 Road_or_Driveway Person_or_Vehicle Person_or_Vehicle:0.637088093461 Other:0.0202479488714 Building_or_Public_Space:0.0753169149578 Road_or_Driveway:0.26734704271 Traffic_Signal:0.0
173 Building_or_Public_Space Building_or_Public_Space Person_or_Vehicle:0.0606095229486 Other:0.0516903930246 Building_or_Public_Space:0.696933400224 Road_or_Driveway:0.1843704885 Traffic_Signal:0.0063961953027
174 Person_or_Vehicle Building_or_Public_Space Person_or_Vehicle:0.12459818384 Other:0.00305277141229 Building_or_Public_Space:0.651488093121 Road_or_Driveway:0.218536216855 Traffic_Signal:0.00232473477036
175 Building_or_Public_Space Building_or_Public_Space Person_or_Vehicle:0.0678683872076 Other:0.0108761327793 Building_or_Public_Space:0.802223397723 Road_or_Driveway:0.11903208229 Traffic_Signal:0.0
176 Traffic_Signal Building_or_Public_Space Person_or_Vehicle:0.415361426329 Other:0.00261750747517 Building_or_Public_Space:0.523878203009 Road_or_Driveway:0.0463693264166 Traffic_Signal:0.01177353677
177 Person_or_Vehicle Person_or_Vehicle Person_or_Vehicle:0.927695118303 Other:0.0 Building_or_Public_Space:0.0636203483282 Road_or_Driveway:0.00744909144084 Traffic_Signal:0.00123544192816
178 Person_or_Vehicle Person_or_Vehicle Person_or_Vehicle:0.937116902491 Other:0.00882440587573 Building_or_Public_Space:0.0522509076172 Road_or_Driveway:0.00180778401645 Traffic_Signal:0.0
179 Person_or_Vehicle Person_or_Vehicle Person_or_Vehicle:0.954788221102 Other:0.00161042226239 Building_or_Public_Space:0.0403399621641 Road_or_Driveway:0.00326139447132 Traffic_Signal:0.0
180 Person_or_Vehicle Person_or_Vehicle Person_or_Vehicle:0.957281367725 Other:0.00362573021071 Building_or_Public_Space:0.0379520869249 Road_or_Driveway:0.0011408151391 Traffic_Signal:0.0
181 Person_or_Vehicle Person_or_Vehicle Person_or_Vehicle:0.955881333293 Other:0.000636186804215 Building_or_Public_Space:0.0401013134929 Road_or_Driveway:0.00338116641009 Traffic_Signal:0.0
182 Building_or_Public_Space Building_or_Public_Space Person_or_Vehicle:0.445381108453 Other:0.0230697558093 Building_or_Public_Space:0.521962737004 Road_or_Driveway:0.00958639873359 Traffic_Signal:0.0
183 Person_or_Vehicle Person_or_Vehicle Person_or_Vehicle:0.817552636677 Other:0.00255740703367 Building_or_Public_Space:0.135960112809 Road_or_Driveway:0.0430881306207 Traffic_Signal:0.000841712860351
184 Building_or_Public_Space Building_or_Public_Space Person_or_Vehicle:0.438400489484 Other:0.00264577995083 Building_or_Public_Space:0.547444200092 Road_or_Driveway:0.0115095304731 Traffic_Signal:0.0
185 Road_or_Driveway Building_or_Public_Space Person_or_Vehicle:0.156458272443 Other:0.00222512879111 Building_or_Public_Space:0.768362947364 Road_or_Driveway:0.0723914678847 Traffic_Signal:0.000562183516623
186 Building_or_Public_Space Building_or_Public_Space Person_or_Vehicle:0.161373142467 Other:0.00322232716929 Building_or_Public_Space:0.824325616111 Road_or_Driveway:0.0107104580809 Traffic_Signal:0.000368456172245
187 Building_or_Public_Space Building_or_Public_Space Person_or_Vehicle:0.22203980878 Other:0.000868304646823 Building_or_Public_Space:0.763395440352 Road_or_Driveway:0.0134272898705 Traffic_Signal:0.000269156350272
188 Building_or_Public_Space Building_or_Public_Space Person_or_Vehicle:0.283556821171 Other:0.00105591384782 Building_or_Public_Space:0.705854406021 Road_or_Driveway:0.00947646342466 Traffic_Signal:5.63955357072e-05
189 Building_or_Public_Space Person_or_Vehicle Person_or_Vehicle:0.564008644316 Other:0.000652995748401 Building_or_Public_Space:0.430937931066 Road_or_Driveway:0.00419188030059 Traffic_Signal:0.000208548568801
190 Person_or_Vehicle Person_or_Vehicle Person_or_Vehicle:0.885774418514 Other:0.000225040060244 Building_or_Public_Space:0.112753243586 Road_or_Driveway:0.00111611291472 Traffic_Signal:0.000131184925123
191 Building_or_Public_Space Person_or_Vehicle Person_or_Vehicle:0.548472822619 Other:0.00372767791656 Building_or_Public_Space:0.445263242115 Road_or_Driveway:0.00253625734962 Traffic_Signal:0.0
192 Building_or_Public_Space Building_or_Public_Space Person_or_Vehicle:0.255320516947 Other:0.00495278254373 Building_or_Public_Space:0.73322866719 Road_or_Driveway:0.00639478780059 Traffic_Signal:0.000103245519243
193 Person_or_Vehicle Building_or_Public_Space Person_or_Vehicle:0.188266702712 Other:0.00226035689024 Building_or_Public_Space:0.786634671441 Road_or_Driveway:0.0227529284875 Traffic_Signal:8.5340468732e-05
194 Building_or_Public_Space Building_or_Public_Space Person_or_Vehicle:0.140265855643 Other:0.00446524444832 Building_or_Public_Space:0.73392936353 Road_or_Driveway:0.121339536379 Traffic_Signal:0.0
195 Person_or_Vehicle Building_or_Public_Space Person_or_Vehicle:0.25667876266 Other:0.00127021268638 Building_or_Public_Space:0.600989588351 Road_or_Driveway:0.140379170231 Traffic_Signal:0.000682266072169
196 Building_or_Public_Space Building_or_Public_Space Person_or_Vehicle:0.246556521109 Other:0.00385778648342 Building_or_Public_Space:0.743906970494 Road_or_Driveway:0.00567872191313 Traffic_Signal:0.0
197 Road_or_Driveway Person_or_Vehicle Person_or_Vehicle:0.53251168217 Other:0.00683259436848 Building_or_Public_Space:0.258521319777 Road_or_Driveway:0.201434735121 Traffic_Signal:0.000699668563429
198 Person_or_Vehicle Person_or_Vehicle Person_or_Vehicle:0.61633709765 Other:0.00819978767193 Building_or_Public_Space:0.161437525471 Road_or_Driveway:0.211741260436 Traffic_Signal:0.00228432877072
199 Person_or_Vehicle Person_or_Vehicle Person_or_Vehicle:0.69191414312 Other:0.000972763992102 Building_or_Public_Space:0.269385309021 Road_or_Driveway:0.037727783867 Traffic_Signal:0.0
200 Road_or_Driveway Person_or_Vehicle Person_or_Vehicle:0.688454442883 Other:0.0107226464697 Building_or_Public_Space:0.0562265449212 Road_or_Driveway:0.244596365726 Traffic_Signal:0.0
