0 Person_or_Vehicle Person_or_Vehicle Person_or_Vehicle:0.658776958598 Other:0.1157919252 Building_or_Public_Space:0.179994888499 Road_or_Driveway:0.0409553372699 Traffic_Signal:0.00448089043299
1 Other Other Person_or_Vehicle:0.235316584201 Other:0.548341384903 Building_or_Public_Space:0.166525101001 Road_or_Driveway:0.0464338545602 Traffic_Signal:0.00338307533502
2 Other Other Person_or_Vehicle:0.173981860693 Other:0.398774270484 Building_or_Public_Space:0.139652618894 Road_or_Driveway:0.269184351389 Traffic_Signal:0.0184068985393
3 Person_or_Vehicle Person_or_Vehicle Person_or_Vehicle:0.826990177804 Other:0.0283361875101 Building_or_Public_Space:0.0926148782705 Road_or_Driveway:0.0505922843003 Traffic_Signal:0.00146647211501
4 Person_or_Vehicle Person_or_Vehicle Person_or_Vehicle:0.515483889853 Other:0.162039717085 Building_or_Public_Space:0.285147697074 Road_or_Driveway:0.0355563205968 Traffic_Signal:0.00177237539084
5 Building_or_Public_Space Building_or_Public_Space Person_or_Vehicle:0.293120448823 Other:0.12789075441 Building_or_Public_Space:0.494130246439 Road_or_Driveway:0.0808349567863 Traffic_Signal:0.00402359354231
6 Other Building_or_Public_Space Person_or_Vehicle:0.282759997197 Other:0.330471510896 Building_or_Public_Space:0.352706801196 Road_or_Driveway:0.0320199598796 Traffic_Signal:0.00204173083098
7 Person_or_Vehicle Person_or_Vehicle Person_or_Vehicle:0.882528256473 Other:0.00321136292727 Building_or_Public_Space:0.102965367009 Road_or_Driveway:0.0106760935809 Traffic_Signal:0.000618920010351
8 Building_or_Public_Space Building_or_Public_Space Person_or_Vehicle:0.400999265295 Other:0.00718594293891 Building_or_Public_Space:0.586289339293 Road_or_Driveway:0.00409246167895 Traffic_Signal:0.00143299079398
9 Person_or_Vehicle Person_or_Vehicle Person_or_Vehicle:0.878954281168 Other:0.00346611100787 Building_or_Public_Space:0.100014977996 Road_or_Driveway:0.0173256106594 Traffic_Signal:0.000239019168691
10 Person_or_Vehicle Person_or_Vehicle Person_or_Vehicle:0.67187828014 Other:0.0142751997408 Building_or_Public_Space:0.222232839013 Road_or_Driveway:0.0907728569254 Traffic_Signal:0.00084082418085
11 Person_or_Vehicle Person_or_Vehicle Person_or_Vehicle:0.918580536312 Other:0.0295178373704 Building_or_Public_Space:0.0322193775504 Road_or_Driveway:0.0193621519703 Traffic_Signal:0.000320096796504
12 Person_or_Vehicle Person_or_Vehicle Person_or_Vehicle:0.844460710521 Other:0.00824180207323 Building_or_Public_Space:0.128893481588 Road_or_Driveway:0.0151948032686 Traffic_Signal:0.0032092025497
13 Person_or_Vehicle Person_or_Vehicle Person_or_Vehicle:0.769140340215 Other:0.119254490702 Building_or_Public_Space:0.0765137850715 Road_or_Driveway:0.0214208966204 Traffic_Signal:0.0136704873903
14 Person_or_Vehicle Building_or_Public_Space Person_or_Vehicle:0.408966169793 Other:0.0735213320388 Building_or_Public_Space:0.465421653693 Road_or_Driveway:0.0475928313092 Traffic_Signal:0.00449801316593
15 Person_or_Vehicle Person_or_Vehicle Person_or_Vehicle:0.90740669869 Other:0.0116543345999 Building_or_Public_Space:0.0620270274793 Road_or_Driveway:0.0177015383398 Traffic_Signal:0.00121040089099
16 Person_or_Vehicle Person_or_Vehicle Person_or_Vehicle:0.793504591355 Other:0.0133661143992 Building_or_Public_Space:0.186084453789 Road_or_Driveway:0.00602006026266 Traffic_Signal:0.00102478019394
17 Person_or_Vehicle Person_or_Vehicle Person_or_Vehicle:0.683340709539 Other:0.0122141645907 Building_or_Public_Space:0.283211565216 Road_or_Driveway:0.0186516501311 Traffic_Signal:0.00258191052315
18 Building_or_Public_Space Building_or_Public_Space Person_or_Vehicle:0.38949587252 Other:0.00738783165937 Building_or_Public_Space:0.59799518603 Road_or_Driveway:0.00444035268522 Traffic_Signal:0.000680757105634
19 Person_or_Vehicle Person_or_Vehicle Person_or_Vehicle:0.92001526554 Other:0.00136496923506 Building_or_Public_Space:0.0717789827431 Road_or_Driveway:0.00600347027326 Traffic_Signal:0.000837312208836
20 Building_or_Public_Space Building_or_Public_Space Person_or_Vehicle:0.130246982305 Other:0.0797157353532 Building_or_Public_Space:0.74880339443 Road_or_Driveway:0.0304781623912 Traffic_Signal:0.0107557255204
21 Building_or_Public_Space Building_or_Public_Space Person_or_Vehicle:0.0471334719109 Other:0.0396522221708 Building_or_Public_Space:0.880003500718 Road_or_Driveway:0.0218467145304 Traffic_Signal:0.0113640906702
22 Building_or_Public_Space Building_or_Public_Space Person_or_Vehicle:0.170281701497 Other:0.0123116110298 Building_or_Public_Space:0.764108702785 Road_or_Driveway:0.0429700601391 Traffic_Signal:0.0103279245498
23 Person_or_Vehicle Person_or_Vehicle Person_or_Vehicle:0.635880155306 Other:0.0898712062109 Building_or_Public_Space:0.216860036002 Road_or_Driveway:0.0412572945604 Traffic_Signal:0.0161313079202
24 Building_or_Public_Space Building_or_Public_Space Person_or_Vehicle:0.051175050201 Other:0.0171651144603 Building_or_Public_Space:0.903480639418 Road_or_Driveway:0.0263333501305 Traffic_Signal:0.00184584579004
25 Person_or_Vehicle Person_or_Vehicle Person_or_Vehicle:0.800173868642 Other:0.0056860898673 Building_or_Public_Space:0.166406680209 Road_or_Driveway:0.0228141423812 Traffic_Signal:0.00491921890126
26 Building_or_Public_Space Building_or_Public_Space Person_or_Vehicle:0.050424052809 Other:0.0313848723294 Building_or_Public_Space:0.824646446884 Road_or_Driveway:0.0825812666783 Traffic_Signal:0.0109633612998
27 Building_or_Public_Space Building_or_Public_Space Person_or_Vehicle:0.089854241051 Other:0.0243757672503 Building_or_Public_Space:0.779592507009 Road_or_Driveway:0.0974504802811 Traffic_Signal:0.0087270044091
28 Building_or_Public_Space Building_or_Public_Space Person_or_Vehicle:0.0804803178406 Other:0.00943543320307 Building_or_Public_Space:0.833286516006 Road_or_Driveway:0.0586784356004 Traffic_Signal:0.0181192973501
29 Building_or_Public_Space Building_or_Public_Space Person_or_Vehicle:0.01250279514 Other:0.01615847298 Building_or_Public_Space:0.957505070503 Road_or_Driveway:0.01139131629 Traffic_Signal:0.00244234508701
30 Building_or_Public_Space Building_or_Public_Space Person_or_Vehicle:0.149454011397 Other:0.0189573923496 Building_or_Public_Space:0.800120222284 Road_or_Driveway:0.0279917878294 Traffic_Signal:0.00347658613993
31 Building_or_Public_Space Building_or_Public_Space Person_or_Vehicle:0.131773204804 Other:0.0239346996608 Building_or_Public_Space:0.828520856628 Road_or_Driveway:0.0132744207305 Traffic_Signal:0.00249681817608
32 Building_or_Public_Space Building_or_Public_Space Person_or_Vehicle:0.102530140897 Other:0.124067307096 Building_or_Public_Space:0.488193972483 Road_or_Driveway:0.275957654291 Traffic_Signal:0.00925092523369
33 Building_or_Public_Space Building_or_Public_Space Person_or_Vehicle:0.0474410648017 Other:0.0733673999126 Building_or_Public_Space:0.815141826329 Road_or_Driveway:0.0578819849821 Traffic_Signal:0.00616772397422
34 Person_or_Vehicle Person_or_Vehicle Person_or_Vehicle:0.884635098938 Other:0.00364093756875 Building_or_Public_Space:0.106061188793 Road_or_Driveway:0.00300963107179 Traffic_Signal:0.00265314362881
35 Building_or_Public_Space Person_or_Vehicle Person_or_Vehicle:0.490257525113 Other:0.0254657437007 Building_or_Public_Space:0.473029285612 Road_or_Driveway:0.00920942104524 Traffic_Signal:0.00203802452905
36 Person_or_Vehicle Building_or_Public_Space Person_or_Vehicle:0.303624979912 Other:0.0370189360815 Building_or_Public_Space:0.612571972025 Road_or_Driveway:0.0306846785812 Traffic_Signal:0.0160994334006
37 Building_or_Public_Space Road_or_Driveway Person_or_Vehicle:0.0349046770983 Other:0.0171672618291 Building_or_Public_Space:0.39250702208 Road_or_Driveway:0.502808577975 Traffic_Signal:0.0526124610174
38 Person_or_Vehicle Person_or_Vehicle Person_or_Vehicle:0.613688538363 Other:0.0150846768691 Building_or_Public_Space:0.0924711039045 Road_or_Driveway:0.249975171585 Traffic_Signal:0.0287805092783
39 Person_or_Vehicle Person_or_Vehicle Person_or_Vehicle:0.565681051917 Other:0.183477276406 Building_or_Public_Space:0.181811538405 Road_or_Driveway:0.0579454396317 Traffic_Signal:0.0110846936403
40 Person_or_Vehicle Person_or_Vehicle Person_or_Vehicle:0.565968589748 Other:0.0921475460116 Building_or_Public_Space:0.292545200773 Road_or_Driveway:0.0452568319759 Traffic_Signal:0.00408183149063
41 Building_or_Public_Space Person_or_Vehicle Person_or_Vehicle:0.568707205702 Other:0.0245664476101 Building_or_Public_Space:0.392233157402 Road_or_Driveway:0.01014932107 Traffic_Signal:0.00434386821602
42 Person_or_Vehicle Person_or_Vehicle Person_or_Vehicle:0.765129150208 Other:0.0457663837905 Building_or_Public_Space:0.160390602902 Road_or_Driveway:0.0259260305603 Traffic_Signal:0.00278783254003
43 Person_or_Vehicle Person_or_Vehicle Person_or_Vehicle:0.936908398069 Other:0.00969330730968 Building_or_Public_Space:0.0428202903186 Road_or_Driveway:0.00864962325671 Traffic_Signal:0.00192838104594
44 Person_or_Vehicle Building_or_Public_Space Person_or_Vehicle:0.320830006004 Other:0.0249977860503 Building_or_Public_Space:0.568704610307 Road_or_Driveway:0.0781607697409 Traffic_Signal:0.00730682789809
45 Building_or_Public_Space Road_or_Driveway Person_or_Vehicle:0.101156048712 Other:0.00872520074204 Building_or_Public_Space:0.319396221138 Road_or_Driveway:0.510449210961 Traffic_Signal:0.0602733184472
46 Road_or_Driveway Road_or_Driveway Person_or_Vehicle:0.303076542529 Other:0.0568270921355 Building_or_Public_Space:0.269311917326 Road_or_Driveway:0.366401169835 Traffic_Signal:0.00438327817442
47 Person_or_Vehicle Person_or_Vehicle Person_or_Vehicle:0.571123450717 Other:0.0243263251107 Building_or_Public_Space:0.282374659208 Road_or_Driveway:0.111070045003 Traffic_Signal:0.0111055199603
48 Building_or_Public_Space Person_or_Vehicle Person_or_Vehicle:0.437117696784 Other:0.0667641560676 Building_or_Public_Space:0.418500598185 Road_or_Driveway:0.0699593679175 Traffic_Signal:0.00765818104572
49 Person_or_Vehicle Person_or_Vehicle Person_or_Vehicle:0.449725175164 Other:0.074897505804 Building_or_Public_Space:0.391358061069 Road_or_Driveway:0.0678448825746 Traffic_Signal:0.0161743753887
50 Building_or_Public_Space Building_or_Public_Space Person_or_Vehicle:0.3269714713 Other:0.0132926482 Building_or_Public_Space:0.5478666918 Road_or_Driveway:0.1006417418 Traffic_Signal:0.0112274469
51 Building_or_Public_Space Building_or_Public_Space Person_or_Vehicle:0.13384084309 Other:0.00750231974047 Building_or_Public_Space:0.738626206848 Road_or_Driveway:0.0343259477276 Traffic_Signal:0.0857046825939
52 Person_or_Vehicle Person_or_Vehicle Person_or_Vehicle:0.79029967032 Other:0.0132849406503 Building_or_Public_Space:0.158087600904 Road_or_Driveway:0.0354464760409 Traffic_Signal:0.00288131208507
53 Person_or_Vehicle Person_or_Vehicle Person_or_Vehicle:0.878968436559 Other:0.00906206887057 Building_or_Public_Space:0.0707485323367 Road_or_Driveway:0.0317610129185 Traffic_Signal:0.00945994931556
54 Building_or_Public_Space Building_or_Public_Space Person_or_Vehicle:0.182841148399 Other:0.0164654003199 Building_or_Public_Space:0.699688791397 Road_or_Driveway:0.1007861846 Traffic_Signal:0.000218475284399
55 Building_or_Public_Space Building_or_Public_Space Person_or_Vehicle:0.0748747038471 Other:0.026233859239 Building_or_Public_Space:0.802255762169 Road_or_Driveway:0.0953278304263 Traffic_Signal:0.00130784431895
56 Building_or_Public_Space Building_or_Public_Space Person_or_Vehicle:0.226855292708 Other:0.00687971316025 Building_or_Public_Space:0.584182691521 Road_or_Driveway:0.178286778906 Traffic_Signal:0.00379552370414
57 Building_or_Public_Space Person_or_Vehicle Person_or_Vehicle:0.70671357868 Other:0.0505645304385 Building_or_Public_Space:0.228181453593 Road_or_Driveway:0.0134076623996 Traffic_Signal:0.00113277488897
58 Building_or_Public_Space Building_or_Public_Space Person_or_Vehicle:0.0471206295083 Other:0.00402088507086 Building_or_Public_Space:0.919993444167 Road_or_Driveway:0.027602927099 Traffic_Signal:0.00126211415495
59 Road_or_Driveway Road_or_Driveway Person_or_Vehicle:0.050846752219 Other:0.0841013788583 Building_or_Public_Space:0.184664620596 Road_or_Driveway:0.644355949787 Traffic_Signal:0.0360312985393
60 Building_or_Public_Space Building_or_Public_Space Person_or_Vehicle:0.22550703878 Other:0.0128559558989 Building_or_Public_Space:0.726796672536 Road_or_Driveway:0.0315291067072 Traffic_Signal:0.00331122607771
61 Other Other Person_or_Vehicle:0.222726383712 Other:0.636207204333 Building_or_Public_Space:0.125022469907 Road_or_Driveway:0.0118056680606 Traffic_Signal:0.00423827398822
62 Other Person_or_Vehicle Person_or_Vehicle:0.582100754603 Other:0.262550755101 Building_or_Public_Space:0.0999897691805 Road_or_Driveway:0.0541117009603 Traffic_Signal:0.00124702015501
63 Person_or_Vehicle Person_or_Vehicle Person_or_Vehicle:0.855527989985 Other:0.0285959345195 Building_or_Public_Space:0.0749668292387 Road_or_Driveway:0.0361005279494 Traffic_Signal:0.00480871830791
64 Building_or_Public_Space Building_or_Public_Space Person_or_Vehicle:0.222712734889 Other:0.0714791587764 Building_or_Public_Space:0.416751146079 Road_or_Driveway:0.0828710645659 Traffic_Signal:0.20618589569
65 Building_or_Public_Space Building_or_Public_Space Person_or_Vehicle:0.112947671405 Other:0.0286488018813 Building_or_Public_Space:0.830279886437 Road_or_Driveway:0.022525713741 Traffic_Signal:0.00559792653525
66 Building_or_Public_Space Building_or_Public_Space Person_or_Vehicle:0.0516774641226 Other:0.0180706860709 Building_or_Public_Space:0.769832767138 Road_or_Driveway:0.133829027907 Traffic_Signal:0.0265900547613
67 Building_or_Public_Space Building_or_Public_Space Person_or_Vehicle:0.306113478079 Other:0.0186529924787 Building_or_Public_Space:0.645118712255 Road_or_Driveway:0.0164367733288 Traffic_Signal:0.013678043859
68 Person_or_Vehicle Person_or_Vehicle Person_or_Vehicle:0.646332418157 Other:0.0465771572269 Building_or_Public_Space:0.243359868284 Road_or_Driveway:0.0608857967459 Traffic_Signal:0.00284475958681
69 Building_or_Public_Space Building_or_Public_Space Person_or_Vehicle:0.384788480278 Other:0.0252866770085 Building_or_Public_Space:0.571595752667 Road_or_Driveway:0.016481478009 Traffic_Signal:0.00184761203789
70 Building_or_Public_Space Building_or_Public_Space Person_or_Vehicle:0.371482775298 Other:0.107377544699 Building_or_Public_Space:0.491526904398 Road_or_Driveway:0.0271493661299 Traffic_Signal:0.00246340947499
71 Road_or_Driveway Road_or_Driveway Person_or_Vehicle:0.0833366037849 Other:0.00722328712643 Building_or_Public_Space:0.263782111316 Road_or_Driveway:0.639128235238 Traffic_Signal:0.00652976253539
72 Building_or_Public_Space Building_or_Public_Space Person_or_Vehicle:0.108937398293 Other:0.0128521491692 Building_or_Public_Space:0.818765205851 Road_or_Driveway:0.0546305571367 Traffic_Signal:0.00481468954971
73 Road_or_Driveway Road_or_Driveway Person_or_Vehicle:0.097293431949 Other:0.0360809624696 Building_or_Public_Space:0.099036917719 Road_or_Driveway:0.747676059493 Traffic_Signal:0.0199126283698
74 Building_or_Public_Space Building_or_Public_Space Person_or_Vehicle:0.0889294391766 Other:0.00634722672276 Building_or_Public_Space:0.886620708566 Road_or_Driveway:0.0174770842893 Traffic_Signal:0.000625541245376
75 Person_or_Vehicle Building_or_Public_Space Person_or_Vehicle:0.31531223189 Other:0.00968719859168 Building_or_Public_Space:0.61392743278 Road_or_Driveway:0.0542741114982 Traffic_Signal:0.00679902524078
76 Building_or_Public_Space Person_or_Vehicle Person_or_Vehicle:0.781633532227 Other:0.029239274301 Building_or_Public_Space:0.156035081305 Road_or_Driveway:0.0325053027311 Traffic_Signal:0.00058680943542
77 Person_or_Vehicle Person_or_Vehicle Person_or_Vehicle:0.90870334254 Other:0.00988541598544 Building_or_Public_Space:0.067853542013 Road_or_Driveway:0.0127182083006 Traffic_Signal:0.000839491160537
78 Person_or_Vehicle Person_or_Vehicle Person_or_Vehicle:0.814968048298 Other:0.1024307243 Building_or_Public_Space:0.0549744427198 Road_or_Driveway:0.0270046252399 Traffic_Signal:0.000622159442898
79 Other Other Person_or_Vehicle:0.123623038201 Other:0.538178556303 Building_or_Public_Space:0.251353432602 Road_or_Driveway:0.0843504858405 Traffic_Signal:0.00249448705401
80 Person_or_Vehicle Person_or_Vehicle Person_or_Vehicle:0.721527953243 Other:0.0372046210622 Building_or_Public_Space:0.17405977741 Road_or_Driveway:0.0376498896923 Traffic_Signal:0.0295577585918
81 Person_or_Vehicle Person_or_Vehicle Person_or_Vehicle:0.856492257848 Other:0.00410732536875 Building_or_Public_Space:0.124500932393 Road_or_Driveway:0.0143500329891 Traffic_Signal:0.000549451401167
82 Person_or_Vehicle Person_or_Vehicle Person_or_Vehicle:0.515961756372 Other:0.00864500951953 Building_or_Public_Space:0.458031231575 Road_or_Driveway:0.0151185568092 Traffic_Signal:0.00224344572388
83 Building_or_Public_Space Building_or_Public_Space Person_or_Vehicle:0.335056946813 Other:0.0228211753009 Building_or_Public_Space:0.542604424221 Road_or_Driveway:0.0934187755935 Traffic_Signal:0.00609867807223
84 Person_or_Vehicle Person_or_Vehicle Person_or_Vehicle:0.639863144503 Other:0.0542862160603 Building_or_Public_Space:0.271380311301 Road_or_Driveway:0.0305160443502 Traffic_Signal:0.00395428378502
85 Person_or_Vehicle Person_or_Vehicle Person_or_Vehicle:0.667808062188 Other:0.0167994666897 Building_or_Public_Space:0.308790738694 Road_or_Driveway:0.00450240355992 Traffic_Signal:0.00209932886796
86 Person_or_Vehicle Person_or_Vehicle Person_or_Vehicle:0.685730771328 Other:0.198380878508 Building_or_Public_Space:0.0908328705737 Road_or_Driveway:0.024272866921 Traffic_Signal:0.000782612669831
87 Person_or_Vehicle Person_or_Vehicle Person_or_Vehicle:0.677608896451 Other:0.123608181391 Building_or_Public_Space:0.186978567987 Road_or_Driveway:0.0113195997692 Traffic_Signal:0.000484754402165
88 Building_or_Public_Space Person_or_Vehicle Person_or_Vehicle:0.566267106833 Other:0.0106208259606 Building_or_Public_Space:0.407508536424 Road_or_Driveway:0.0113634065107 Traffic_Signal:0.00424012427125
89 Person_or_Vehicle Person_or_Vehicle Person_or_Vehicle:0.884635098938 Other:0.00364093756875 Building_or_Public_Space:0.106061188793 Road_or_Driveway:0.00300963107179 Traffic_Signal:0.00265314362881
90 Building_or_Public_Space Building_or_Public_Space Person_or_Vehicle:0.355449370296 Other:0.0301170167197 Building_or_Public_Space:0.599568990294 Road_or_Driveway:0.0133637739599 Traffic_Signal:0.00150084872998
91 Building_or_Public_Space Building_or_Public_Space Person_or_Vehicle:0.0614424475375 Other:0.0191392181592 Building_or_Public_Space:0.899567862063 Road_or_Driveway:0.0173307327593 Traffic_Signal:0.0025197394809
92 Building_or_Public_Space Building_or_Public_Space Person_or_Vehicle:0.191613843204 Other:0.0689608868514 Building_or_Public_Space:0.640224534613 Road_or_Driveway:0.096043448722 Traffic_Signal:0.00315728660907
93 Building_or_Public_Space Building_or_Public_Space Person_or_Vehicle:0.148885941094 Other:0.0349564005286 Building_or_Public_Space:0.672064418472 Road_or_Driveway:0.142112430894 Traffic_Signal:0.00198080901092
94 Road_or_Driveway Building_or_Public_Space Person_or_Vehicle:0.139481046304 Other:0.0270502421708 Building_or_Public_Space:0.706139451922 Road_or_Driveway:0.120545414004 Traffic_Signal:0.00678384559921
95 Person_or_Vehicle Person_or_Vehicle Person_or_Vehicle:0.637175462876 Other:0.0170026235994 Building_or_Public_Space:0.202458561193 Road_or_Driveway:0.139252565695 Traffic_Signal:0.00411078663685
96 Person_or_Vehicle Person_or_Vehicle Person_or_Vehicle:0.807762658807 Other:0.00567736847205 Building_or_Public_Space:0.179725185802 Road_or_Driveway:0.00321965746203 Traffic_Signal:0.00361512945703
97 Building_or_Public_Space Building_or_Public_Space Person_or_Vehicle:0.143780411902 Other:0.0092533054861 Building_or_Public_Space:0.817373877309 Road_or_Driveway:0.0292791430903 Traffic_Signal:0.000313262213203
98 Building_or_Public_Space Building_or_Public_Space Person_or_Vehicle:0.0677025992608 Other:0.0106534419001 Building_or_Public_Space:0.87154638751 Road_or_Driveway:0.0498826731506 Traffic_Signal:0.000214898178103
99 Person_or_Vehicle Person_or_Vehicle Person_or_Vehicle:0.834577599162 Other:0.0717329332367 Building_or_Public_Space:0.044147702798 Road_or_Driveway:0.0453881488779 Traffic_Signal:0.00415361592581
100 Road_or_Driveway Road_or_Driveway Person_or_Vehicle:0.139982192903 Other:0.0129684188503 Building_or_Public_Space:0.0784494951716 Road_or_Driveway:0.748122236715 Traffic_Signal:0.0204776563604
101 Person_or_Vehicle Person_or_Vehicle Person_or_Vehicle:0.658264253451 Other:0.00627275718948 Building_or_Public_Space:0.115520987809 Road_or_Driveway:0.213278042616 Traffic_Signal:0.00666395893451
102 Road_or_Driveway Building_or_Public_Space Person_or_Vehicle:0.0221195293604 Other:0.0123775828602 Building_or_Public_Space:0.500568777609 Road_or_Driveway:0.463747205308 Traffic_Signal:0.00118690486302
103 Road_or_Driveway Road_or_Driveway Person_or_Vehicle:0.117335785197 Other:0.00886188071776 Building_or_Public_Space:0.0308824239491 Road_or_Driveway:0.842059478177 Traffic_Signal:0.000860431959576
104 Traffic_Signal Traffic_Signal Person_or_Vehicle:0.157266586197 Other:0.0324810000194 Building_or_Public_Space:0.188170628696 Road_or_Driveway:0.202865052396 Traffic_Signal:0.419216732692
105 Building_or_Public_Space Building_or_Public_Space Person_or_Vehicle:0.0780986694253 Other:0.0128104934892 Building_or_Public_Space:0.820094914751 Road_or_Driveway:0.0692173486358 Traffic_Signal:0.0197785736988
106 Road_or_Driveway Road_or_Driveway Person_or_Vehicle:0.126641338706 Other:0.0184686493909 Building_or_Public_Space:0.0896198961145 Road_or_Driveway:0.753721148138 Traffic_Signal:0.0115489676506
107 Traffic_Signal Road_or_Driveway Person_or_Vehicle:0.097407596951 Other:0.0453961065405 Building_or_Public_Space:0.317579977503 Road_or_Driveway:0.392737888304 Traffic_Signal:0.146878430701
108 Person_or_Vehicle Person_or_Vehicle Person_or_Vehicle:0.80802718822 Other:0.0106620178303 Building_or_Public_Space:0.0437552521511 Road_or_Driveway:0.00617620099515 Traffic_Signal:0.131379340803
109 Building_or_Public_Space Building_or_Public_Space Person_or_Vehicle:0.306371859606 Other:0.0735948352815 Building_or_Public_Space:0.340334402607 Road_or_Driveway:0.137010580903 Traffic_Signal:0.142688321603
110 Person_or_Vehicle Person_or_Vehicle Person_or_Vehicle:0.518569368474 Other:0.0428441147979 Building_or_Public_Space:0.343751584183 Road_or_Driveway:0.0838936563558 Traffic_Signal:0.0109412761895
111 Building_or_Public_Space Building_or_Public_Space Person_or_Vehicle:0.0475115947499 Other:0.0265262463299 Building_or_Public_Space:0.632407181098 Road_or_Driveway:0.287774281399 Traffic_Signal:0.00578069642298
112 Road_or_Driveway Road_or_Driveway Person_or_Vehicle:0.142489555993 Other:0.0282660073187 Building_or_Public_Space:0.0480730334778 Road_or_Driveway:0.777549728764 Traffic_Signal:0.00362167444583
113 Person_or_Vehicle Road_or_Driveway Person_or_Vehicle:0.288465549215 Other:0.00891383698945 Building_or_Public_Space:0.136747235107 Road_or_Driveway:0.521690261027 Traffic_Signal:0.0441831176623
114 Building_or_Public_Space Building_or_Public_Space Person_or_Vehicle:0.284489069818 Other:0.0139702221609 Building_or_Public_Space:0.486637252631 Road_or_Driveway:0.212861272714 Traffic_Signal:0.00204218267613
115 Building_or_Public_Space Building_or_Public_Space Person_or_Vehicle:0.164859190592 Other:0.020139960369 Building_or_Public_Space:0.614056483169 Road_or_Driveway:0.187922533491 Traffic_Signal:0.0130218323793
116 Person_or_Vehicle Person_or_Vehicle Person_or_Vehicle:0.799986343146 Other:0.118538529492 Building_or_Public_Space:0.0643923799357 Road_or_Driveway:0.015628122109 Traffic_Signal:0.0014546253169
117 Person_or_Vehicle Person_or_Vehicle Person_or_Vehicle:0.743305256176 Other:0.169343723895 Building_or_Public_Space:0.0740485946076 Road_or_Driveway:0.0121769330196 Traffic_Signal:0.00112549230196
118 Other Other Person_or_Vehicle:0.329403423997 Other:0.479796308196 Building_or_Public_Space:0.180476840299 Road_or_Driveway:0.00949699157593 Traffic_Signal:0.000826435931794
119 Person_or_Vehicle Person_or_Vehicle Person_or_Vehicle:0.731547675685 Other:0.0779595658784 Building_or_Public_Space:0.141758540197 Road_or_Driveway:0.045915827829 Traffic_Signal:0.00281839041094
120 Building_or_Public_Space Building_or_Public_Space Person_or_Vehicle:0.333396606217 Other:0.0215137692411 Building_or_Public_Space:0.612026388931 Road_or_Driveway:0.0284723085415 Traffic_Signal:0.00459092706923
121 Person_or_Vehicle Person_or_Vehicle Person_or_Vehicle:0.92870212286 Other:0.0274443281188 Building_or_Public_Space:0.0312538390487 Road_or_Driveway:0.0121728544095 Traffic_Signal:0.000426855562882
122 Person_or_Vehicle Person_or_Vehicle Person_or_Vehicle:0.837054048498 Other:0.0376265030699 Building_or_Public_Space:0.1032283047 Road_or_Driveway:0.01716167376 Traffic_Signal:0.00492946997199
123 Building_or_Public_Space Building_or_Public_Space Person_or_Vehicle:0.219374640497 Other:0.068201551409 Building_or_Public_Space:0.524440667692 Road_or_Driveway:0.182638780197 Traffic_Signal:0.00534436020492
124 Person_or_Vehicle Person_or_Vehicle Person_or_Vehicle:0.884635098938 Other:0.00364093756875 Building_or_Public_Space:0.106061188793 Road_or_Driveway:0.00300963107179 Traffic_Signal:0.00265314362881
125 Building_or_Public_Space Building_or_Public_Space Person_or_Vehicle:0.355449370296 Other:0.0301170167197 Building_or_Public_Space:0.599568990294 Road_or_Driveway:0.0133637739599 Traffic_Signal:0.00150084872998
126 Building_or_Public_Space Building_or_Public_Space Person_or_Vehicle:0.385202785031 Other:0.0368162455029 Building_or_Public_Space:0.49835207264 Road_or_Driveway:0.0634169165651 Traffic_Signal:0.0162119802613
127 Person_or_Vehicle Building_or_Public_Space Person_or_Vehicle:0.1958424703 Other:0.02420986013 Building_or_Public_Space:0.730406753899 Road_or_Driveway:0.03963637346 Traffic_Signal:0.00990454221099
128 Building_or_Public_Space Building_or_Public_Space Person_or_Vehicle:0.0684458384588 Other:0.0230128887596 Building_or_Public_Space:0.875940311785 Road_or_Driveway:0.0295690003995 Traffic_Signal:0.00303196059695
129 Building_or_Public_Space Building_or_Public_Space Person_or_Vehicle:0.374135527693 Other:0.0821939024384 Building_or_Public_Space:0.412874460992 Road_or_Driveway:0.114500414798 Traffic_Signal:0.0162956940797
130 Person_or_Vehicle Person_or_Vehicle Person_or_Vehicle:0.740978519185 Other:0.136175752797 Building_or_Public_Space:0.0277348952294 Road_or_Driveway:0.0719983758286 Traffic_Signal:0.0231124569595
131 Person_or_Vehicle Person_or_Vehicle Person_or_Vehicle:0.758036945208 Other:0.0162442063902 Building_or_Public_Space:0.129161842801 Road_or_Driveway:0.0803974842808 Traffic_Signal:0.0161595213202
132 Road_or_Driveway Road_or_Driveway Person_or_Vehicle:0.409479740521 Other:0.0714668609637 Building_or_Public_Space:0.0845489362844 Road_or_Driveway:0.425837731922 Traffic_Signal:0.00866673030845
133 Person_or_Vehicle Road_or_Driveway Person_or_Vehicle:0.357511525021 Other:0.0581131461735 Building_or_Public_Space:0.148995240209 Road_or_Driveway:0.419847780725 Traffic_Signal:0.0155323078709
134 Road_or_Driveway Building_or_Public_Space Person_or_Vehicle:0.180928349122 Other:0.0189761192923 Building_or_Public_Space:0.552380482866 Road_or_Driveway:0.213457843926 Traffic_Signal:0.0342572047941
135 Road_or_Driveway Road_or_Driveway Person_or_Vehicle:0.0675387199373 Other:0.0389028513984 Building_or_Public_Space:0.0958983907562 Road_or_Driveway:0.733578280971 Traffic_Signal:0.0640817569374
136 Building_or_Public_Space Building_or_Public_Space Person_or_Vehicle:0.2030804116 Other:0.004101542727 Building_or_Public_Space:0.7834547873 Road_or_Driveway:0.00855978462 Traffic_Signal:0.0008034737527
137 Building_or_Public_Space Building_or_Public_Space Person_or_Vehicle:0.253729550593 Other:0.00223351338094 Building_or_Public_Space:0.740114146081 Road_or_Driveway:0.0036683462339 Traffic_Signal:0.000254443710993
138 Building_or_Public_Space Building_or_Public_Space Person_or_Vehicle:0.119058701704 Other:0.0205717275707 Building_or_Public_Space:0.848880270028 Road_or_Driveway:0.0110275024804 Traffic_Signal:0.000461798216915
139 Building_or_Public_Space Building_or_Public_Space Person_or_Vehicle:0.104959702199 Other:0.142946396498 Building_or_Public_Space:0.741689134091 Road_or_Driveway:0.0101733601899 Traffic_Signal:0.000231407021597
140 Person_or_Vehicle Person_or_Vehicle Person_or_Vehicle:0.406461541433 Other:0.142978315211 Building_or_Public_Space:0.304487875624 Road_or_Driveway:0.139411931411 Traffic_Signal:0.00666033632053
141 Building_or_Public_Space Building_or_Public_Space Person_or_Vehicle:0.434002137265 Other:0.025393207648 Building_or_Public_Space:0.492880713061 Road_or_Driveway:0.0265181173979 Traffic_Signal:0.0212058246283
142 Road_or_Driveway Road_or_Driveway Person_or_Vehicle:0.0290959419487 Other:0.0202533144091 Building_or_Public_Space:0.00601618825474 Road_or_Driveway:0.939871576059 Traffic_Signal:0.00476297932879
143 Building_or_Public_Space Building_or_Public_Space Person_or_Vehicle:0.01091634917 Other:0.0145779387 Building_or_Public_Space:0.9332315452 Road_or_Driveway:0.03003862498 Traffic_Signal:0.01123554195
144 Building_or_Public_Space Building_or_Public_Space Person_or_Vehicle:0.0155103856993 Other:0.0266545043487 Building_or_Public_Space:0.908195430957 Road_or_Driveway:0.0411707710281 Traffic_Signal:0.0084689079666
145 Other Person_or_Vehicle Person_or_Vehicle:0.382764703569 Other:0.37573991197 Building_or_Public_Space:0.151372197088 Road_or_Driveway:0.0704769429544 Traffic_Signal:0.0196462444184
146 Person_or_Vehicle Person_or_Vehicle Person_or_Vehicle:0.867448793533 Other:0.0340877612613 Building_or_Public_Space:0.0404538979315 Road_or_Driveway:0.0542153001621 Traffic_Signal:0.00379424711214
147 Other Other Person_or_Vehicle:0.36994839332 Other:0.566814990431 Building_or_Public_Space:0.00930700038551 Road_or_Driveway:0.0271210442215 Traffic_Signal:0.0268085716415
148 Other Road_or_Driveway Person_or_Vehicle:0.01738364268 Other:0.3409652937 Building_or_Public_Space:0.07432902708 Road_or_Driveway:0.5413246697 Traffic_Signal:0.02599736684
149 Person_or_Vehicle Person_or_Vehicle Person_or_Vehicle:0.787159248316 Other:0.0717733941414 Building_or_Public_Space:0.0410330062408 Road_or_Driveway:0.049376564661 Traffic_Signal:0.050657786641
150 Person_or_Vehicle Other Person_or_Vehicle:0.371000363803 Other:0.469316293803 Building_or_Public_Space:0.108903391501 Road_or_Driveway:0.0411135412003 Traffic_Signal:0.00966640969307
151 Other Building_or_Public_Space Person_or_Vehicle:0.32803131278 Other:0.219781559486 Building_or_Public_Space:0.434732172773 Road_or_Driveway:0.0169849304589 Traffic_Signal:0.000470024502371
152 Person_or_Vehicle Person_or_Vehicle Person_or_Vehicle:0.610773124731 Other:0.0135543927207 Building_or_Public_Space:0.331105428517 Road_or_Driveway:0.0341729085717 Traffic_Signal:0.0103941454605
153 Person_or_Vehicle Person_or_Vehicle Person_or_Vehicle:0.857063291606 Other:0.0204420608301 Building_or_Public_Space:0.0843072736806 Road_or_Driveway:0.0363155440103 Traffic_Signal:0.00187182987301
154 Person_or_Vehicle Person_or_Vehicle Person_or_Vehicle:0.900195664475 Other:0.0175890108695 Building_or_Public_Space:0.0623800475083 Road_or_Driveway:0.0194874338895 Traffic_Signal:0.00034784325789
155 Person_or_Vehicle Person_or_Vehicle Person_or_Vehicle:0.740269952015 Other:0.0169102355503 Building_or_Public_Space:0.153404919603 Road_or_Driveway:0.0740611869215 Traffic_Signal:0.0153537059103
156 Person_or_Vehicle Person_or_Vehicle Person_or_Vehicle:0.890296523529 Other:0.0127142044604 Building_or_Public_Space:0.0418735439214 Road_or_Driveway:0.0519096416917 Traffic_Signal:0.00320608639711
157 Person_or_Vehicle Person_or_Vehicle Person_or_Vehicle:0.876528115832 Other:0.0499666954718 Building_or_Public_Space:0.0388576267114 Road_or_Driveway:0.0320138721112 Traffic_Signal:0.00263368987409
158 Person_or_Vehicle Person_or_Vehicle Person_or_Vehicle:0.740879432777 Other:0.0446045534286 Building_or_Public_Space:0.150299030095 Road_or_Driveway:0.0600076354181 Traffic_Signal:0.00420934828087
159 Person_or_Vehicle Person_or_Vehicle Person_or_Vehicle:0.856514172639 Other:0.022778044721 Building_or_Public_Space:0.0932945219843 Road_or_Driveway:0.0259771216312 Traffic_Signal:0.00143613902407
160 Person_or_Vehicle Person_or_Vehicle Person_or_Vehicle:0.863796022572 Other:0.030355576989 Building_or_Public_Space:0.0828732668673 Road_or_Driveway:0.0226558134693 Traffic_Signal:0.00031932010279
161 Building_or_Public_Space Building_or_Public_Space Person_or_Vehicle:0.243970825315 Other:0.0356587084422 Building_or_Public_Space:0.703207210143 Road_or_Driveway:0.0135670079308 Traffic_Signal:0.00359624816922
162 Person_or_Vehicle Person_or_Vehicle Person_or_Vehicle:0.838697868549 Other:0.00422980663425 Building_or_Public_Space:0.151716531209 Road_or_Driveway:0.00259768092815 Traffic_Signal:0.00275811267916
163 Person_or_Vehicle Building_or_Public_Space Person_or_Vehicle:0.316177676593 Other:0.0868052430482 Building_or_Public_Space:0.49168538929 Road_or_Driveway:0.0998842639779 Traffic_Signal:0.00544742709089
164 Road_or_Driveway Road_or_Driveway Person_or_Vehicle:0.0621846651781 Other:0.0220693360793 Building_or_Public_Space:0.251151165092 Road_or_Driveway:0.65373782018 Traffic_Signal:0.0108570134697
165 Other Other Person_or_Vehicle:0.469958580323 Other:0.506388171424 Building_or_Public_Space:0.0162657742308 Road_or_Driveway:0.00643537064831 Traffic_Signal:0.000952103373846
166 Other Other Person_or_Vehicle:0.1116039496 Other:0.502974111402 Building_or_Public_Space:0.168329341201 Road_or_Driveway:0.212016424701 Traffic_Signal:0.00507617309602
167 Road_or_Driveway Road_or_Driveway Person_or_Vehicle:0.120631016005 Other:0.0279385982211 Building_or_Public_Space:0.189934262508 Road_or_Driveway:0.647581686926 Traffic_Signal:0.0139144363406
168 Road_or_Driveway Building_or_Public_Space Person_or_Vehicle:0.369619128803 Other:0.0184824503001 Building_or_Public_Space:0.375697082503 Road_or_Driveway:0.232495079002 Traffic_Signal:0.00370625939203
169 Person_or_Vehicle Person_or_Vehicle Person_or_Vehicle:0.725157712505 Other:0.0117945220201 Building_or_Public_Space:0.225518817202 Road_or_Driveway:0.0351987575002 Traffic_Signal:0.00233019077302
170 Road_or_Driveway Road_or_Driveway Person_or_Vehicle:0.342317307702 Other:0.0487592267802 Building_or_Public_Space:0.0677636526403 Road_or_Driveway:0.536405196703 Traffic_Signal:0.00475461617502
171 Person_or_Vehicle Person_or_Vehicle Person_or_Vehicle:0.899981947787 Other:0.0197524700597 Building_or_Public_Space:0.0636009387591 Road_or_Driveway:0.0154643435798 Traffic_Signal:0.00120029981398
172 Road_or_Driveway Road_or_Driveway Person_or_Vehicle:0.196701125593 Other:0.0779362175874 Building_or_Public_Space:0.0483169555384 Road_or_Driveway:0.671113394977 Traffic_Signal:0.0059323063038
173 Building_or_Public_Space Building_or_Public_Space Person_or_Vehicle:0.0437886046082 Other:0.138709236894 Building_or_Public_Space:0.595061956376 Road_or_Driveway:0.192403287992 Traffic_Signal:0.0300369141288
174 Person_or_Vehicle Building_or_Public_Space Person_or_Vehicle:0.0874502878548 Other:0.0347101252779 Building_or_Public_Space:0.430667825574 Road_or_Driveway:0.414130338575 Traffic_Signal:0.033041422718
175 Building_or_Public_Space Building_or_Public_Space Person_or_Vehicle:0.0228149457407 Other:0.0455803173914 Building_or_Public_Space:0.560333926117 Road_or_Driveway:0.32533374201 Traffic_Signal:0.0459370687414
176 Traffic_Signal Building_or_Public_Space Person_or_Vehicle:0.315911747891 Other:0.032250756679 Building_or_Public_Space:0.375280809689 Road_or_Driveway:0.0952213856471 Traffic_Signal:0.181335300095
177 Person_or_Vehicle Person_or_Vehicle Person_or_Vehicle:0.84803645678 Other:0.0620508372485 Building_or_Public_Space:0.0581574417186 Road_or_Driveway:0.0272378327193 Traffic_Signal:0.00451743153389
178 Person_or_Vehicle Person_or_Vehicle Person_or_Vehicle:0.797215814235 Other:0.0935876499141 Building_or_Public_Space:0.0923582414241 Road_or_Driveway:0.0125037949306 Traffic_Signal:0.00433449949619
179 Person_or_Vehicle Person_or_Vehicle Person_or_Vehicle:0.877746858202 Other:0.01845665224 Building_or_Public_Space:0.0770543923402 Road_or_Driveway:0.02437691415 Traffic_Signal:0.002365183068
180 Person_or_Vehicle Person_or_Vehicle Person_or_Vehicle:0.875792699488 Other:0.0413531058094 Building_or_Public_Space:0.072143475249 Road_or_Driveway:0.00848574851188 Traffic_Signal:0.00222497094197
181 Person_or_Vehicle Person_or_Vehicle Person_or_Vehicle:0.889221464303 Other:0.00737804918503 Building_or_Public_Space:0.0775111600803 Road_or_Driveway:0.0255732349501 Traffic_Signal:0.000316091481101
182 Building_or_Public_Space Building_or_Public_Space Person_or_Vehicle:0.230762251105 Other:0.149013942603 Building_or_Public_Space:0.561916981811 Road_or_Driveway:0.0403832837208 Traffic_Signal:0.0179235407604
183 Person_or_Vehicle Person_or_Vehicle Person_or_Vehicle:0.72968346962 Other:0.0369769429559 Building_or_Public_Space:0.114292231987 Road_or_Driveway:0.103834226589 Traffic_Signal:0.0152131288483
184 Building_or_Public_Space Building_or_Public_Space Person_or_Vehicle:0.257260140903 Other:0.0193555771902 Building_or_Public_Space:0.667484237107 Road_or_Driveway:0.0549126302106 Traffic_Signal:0.000987414589211
185 Road_or_Driveway Building_or_Public_Space Person_or_Vehicle:0.139317091007 Other:0.0320976608516 Building_or_Public_Space:0.644404692632 Road_or_Driveway:0.174043314509 Traffic_Signal:0.0101372410005
186 Building_or_Public_Space Building_or_Public_Space Person_or_Vehicle:0.138468938104 Other:0.0102698960203 Building_or_Public_Space:0.835931264427 Road_or_Driveway:0.0132748613604 Traffic_Signal:0.00205504008807
187 Building_or_Public_Space Building_or_Public_Space Person_or_Vehicle:0.222747645305 Other:0.0141112915903 Building_or_Public_Space:0.721303853317 Road_or_Driveway:0.0363692828309 Traffic_Signal:0.00546792695613
188 Building_or_Public_Space Building_or_Public_Space Person_or_Vehicle:0.285783891305 Other:0.0172400489903 Building_or_Public_Space:0.670037623912 Road_or_Driveway:0.0257874282505 Traffic_Signal:0.00115100754202
189 Building_or_Public_Space Person_or_Vehicle Person_or_Vehicle:0.566267106833 Other:0.0106208259606 Building_or_Public_Space:0.407508536424 Road_or_Driveway:0.0113634065107 Traffic_Signal:0.00424012427125
190 Person_or_Vehicle Person_or_Vehicle Person_or_Vehicle:0.884635098938 Other:0.00364093756875 Building_or_Public_Space:0.106061188793 Road_or_Driveway:0.00300963107179 Traffic_Signal:0.00265314362881
191 Building_or_Public_Space Building_or_Public_Space Person_or_Vehicle:0.355449370296 Other:0.0301170167197 Building_or_Public_Space:0.599568990294 Road_or_Driveway:0.0133637739599 Traffic_Signal:0.00150084872998
192 Building_or_Public_Space Building_or_Public_Space Person_or_Vehicle:0.244206515605 Other:0.0767420075517 Building_or_Public_Space:0.660537353115 Road_or_Driveway:0.0165143606704 Traffic_Signal:0.00199976305804
193 Person_or_Vehicle Building_or_Public_Space Person_or_Vehicle:0.182970576103 Other:0.0355874703706 Building_or_Public_Space:0.720057597112 Road_or_Driveway:0.059704784671 Traffic_Signal:0.00167957174303
194 Building_or_Public_Space Building_or_Public_Space Person_or_Vehicle:0.0513274983862 Other:0.0203701536385 Building_or_Public_Space:0.558022973058 Road_or_Driveway:0.361005343373 Traffic_Signal:0.0092740315443
195 Person_or_Vehicle Building_or_Public_Space Person_or_Vehicle:0.207644627183 Other:0.0166463710487 Building_or_Public_Space:0.457914212263 Road_or_Driveway:0.306617916075 Traffic_Signal:0.0111768734291
196 Building_or_Public_Space Building_or_Public_Space Person_or_Vehicle:0.128071531996 Other:0.0249818864993 Building_or_Public_Space:0.802886991576 Road_or_Driveway:0.0239827996293 Traffic_Signal:0.0200767902994
