NONE	0.000412502846	Person_or_Vehicle	0.6041622325	Other	0.03981293118	Building_or_Public_Space	0.2668524377	Road_or_Driveway	0.0746790062	Traffic_Signal	0.01408088958	
NONE	0.0004341049145	Person_or_Vehicle	0.4542448978	Other	0.08289071373	Building_or_Public_Space	0.3454430643	Road_or_Driveway	0.09442343754	Traffic_Signal	0.02256378171	
NONE	0.0001692103238	Person_or_Vehicle	0.4592482057	Other	0.1873146845	Building_or_Public_Space	0.2527495478	Road_or_Driveway	0.08971371084	Traffic_Signal	0.0108046409	
NONE	0.001135949449	Person_or_Vehicle	0.1080794336	Other	0.1502627547	Building_or_Public_Space	0.5595664343	Road_or_Driveway	0.1655781129	Traffic_Signal	0.01537731511	
NONE	0.000977807156	Person_or_Vehicle	0.4049134765	Other	0.155379279	Building_or_Public_Space	0.2677424184	Road_or_Driveway	0.1551997204	Traffic_Signal	0.01578729851	
NONE	0.0001523925915	Person_or_Vehicle	0.3675115888	Other	0.06613806294	Building_or_Public_Space	0.4402240411	Road_or_Driveway	0.07748895438	Traffic_Signal	0.04848496026	
NONE	3.03450324e-05	Person_or_Vehicle	0.07102016768	Other	0.03598620929	Building_or_Public_Space	0.7381680972	Road_or_Driveway	0.10821879	Traffic_Signal	0.04657639072	
NONE	4.165622879e-05	Person_or_Vehicle	0.2468064131	Other	0.04576891257	Building_or_Public_Space	0.3040283214	Road_or_Driveway	0.1956978156	Traffic_Signal	0.207656881	
NONE	0.000656056041	Person_or_Vehicle	0.7004715401	Other	0.0234354413	Building_or_Public_Space	0.1661371325	Road_or_Driveway	0.06472845356	Traffic_Signal	0.04457137652	
NONE	0.000501387078	Person_or_Vehicle	0.2927466061	Other	0.09555618364	Building_or_Public_Space	0.5192508588	Road_or_Driveway	0.01117613808	Traffic_Signal	0.08076882632	
NONE	0.004000218168	Person_or_Vehicle	0.5290556545	Other	0.0247231746	Building_or_Public_Space	0.3203743776	Road_or_Driveway	0.08245627975	Traffic_Signal	0.03939029539	
NONE	0.0001835660854	Person_or_Vehicle	0.6071870702	Other	0.05169687694	Building_or_Public_Space	0.2125672261	Road_or_Driveway	0.05413387275	Traffic_Signal	0.0742313879	
NONE	0.003107453383	Person_or_Vehicle	0.6949404831	Other	0.07315525529	Building_or_Public_Space	0.1653293686	Road_or_Driveway	0.0586102073	Traffic_Signal	0.004857232349	
NONE	0.0008212579534	Person_or_Vehicle	0.66121712	Other	0.1033390209	Building_or_Public_Space	0.1444834444	Road_or_Driveway	0.08420410472	Traffic_Signal	0.005935052084	
NONE	0.0005437296158	Person_or_Vehicle	0.3913897269	Other	0.0561507082	Building_or_Public_Space	0.3485806862	Road_or_Driveway	0.1163989536	Traffic_Signal	0.08693619543	
NONE	0.0005898457515	Person_or_Vehicle	0.06665692682	Other	0.04609142278	Building_or_Public_Space	0.7000859477	Road_or_Driveway	0.1508482885	Traffic_Signal	0.0357275685	
NONE	1.181637178e-05	Person_or_Vehicle	0.01301875779	Other	0.01581497837	Building_or_Public_Space	0.8924232673	Road_or_Driveway	0.06115606783	Traffic_Signal	0.01757511231	
NONE	3.101671816e-05	Person_or_Vehicle	0.8251728076	Other	0.0281193827	Building_or_Public_Space	0.08556114539	Road_or_Driveway	0.05629513877	Traffic_Signal	0.004820508855	
NONE	0.0001790712286	Person_or_Vehicle	0.1535087057	Other	0.04860711322	Building_or_Public_Space	0.7302761864	Road_or_Driveway	0.03253509621	Traffic_Signal	0.03489382721	
NONE	0.0005991825069	Person_or_Vehicle	0.7376231182	Other	0.08209801199	Building_or_Public_Space	0.1031784262	Road_or_Driveway	0.06348305512	Traffic_Signal	0.01301820605	
NONE	0.001927935311	Person_or_Vehicle	0.2059097023	Other	0.07074218902	Building_or_Public_Space	0.6674907668	Road_or_Driveway	0.04432833698	Traffic_Signal	0.009601069574	
NONE	0.00135358617	Person_or_Vehicle	0.5264987625	Other	0.03746290856	Building_or_Public_Space	0.2210152216	Road_or_Driveway	0.201196621	Traffic_Signal	0.01247290021	
NONE	7.813583167e-05	Person_or_Vehicle	0.3135759062	Other	0.03150398199	Building_or_Public_Space	0.4224890202	Road_or_Driveway	0.2250576681	Traffic_Signal	0.007295287684	
NONE	0.0001947185921	Person_or_Vehicle	0.7660633244	Other	0.03713298498	Building_or_Public_Space	0.08589128672	Road_or_Driveway	0.08861927256	Traffic_Signal	0.02209841278	
NONE	7.847482712e-05	Person_or_Vehicle	0.9118588016	Other	0.02167980379	Building_or_Public_Space	0.009905383548	Road_or_Driveway	0.05321768841	Traffic_Signal	0.003259847833	
NONE	4.763317512e-05	Person_or_Vehicle	0.8808199617	Other	0.04289374664	Building_or_Public_Space	0.02846941127	Road_or_Driveway	0.04298968346	Traffic_Signal	0.004779563754	
NONE	0.0001401542425	Person_or_Vehicle	0.6124775188	Other	0.1197114944	Building_or_Public_Space	0.1150951045	Road_or_Driveway	0.148051027	Traffic_Signal	0.004524701133	
NONE	0.0001186561544	Person_or_Vehicle	0.5899108344	Other	0.0797864581	Building_or_Public_Space	0.2534162652	Road_or_Driveway	0.0503288251	Traffic_Signal	0.02643896103	
NONE	5.262151494e-05	Person_or_Vehicle	0.4688757335	Other	0.06210251965	Building_or_Public_Space	0.1952745349	Road_or_Driveway	0.2414590653	Traffic_Signal	0.03223552511	
NONE	0.000258505655	Person_or_Vehicle	0.1892967197	Other	0.01648676989	Building_or_Public_Space	0.6645506429	Road_or_Driveway	0.1242961666	Traffic_Signal	0.005111195172	
NONE	0.0001360602716	Person_or_Vehicle	0.5307101728	Other	0.1423409766	Building_or_Public_Space	0.2276863583	Road_or_Driveway	0.08363233807	Traffic_Signal	0.01549409396	
NONE	3.895621606e-05	Person_or_Vehicle	0.04011042794	Other	0.03325161753	Building_or_Public_Space	0.749147683	Road_or_Driveway	0.1591675748	Traffic_Signal	0.01828374051	
NONE	0.0001874270759	Person_or_Vehicle	0.1495110041	Other	0.2018703537	Building_or_Public_Space	0.4359253422	Road_or_Driveway	0.1660630109	Traffic_Signal	0.04644286204	
NONE	7.893135132e-05	Person_or_Vehicle	0.2301932238	Other	0.03107366106	Building_or_Public_Space	0.6807163873	Road_or_Driveway	0.04918539451	Traffic_Signal	0.008752401957	
NONE	0.002531115827	Person_or_Vehicle	0.2966384638	Other	0.04639792548	Building_or_Public_Space	0.2059191962	Road_or_Driveway	0.3923241719	Traffic_Signal	0.05618912676	
NONE	0.0002974473546	Person_or_Vehicle	0.578479194	Other	0.07068109127	Building_or_Public_Space	0.1893676915	Road_or_Driveway	0.1472904439	Traffic_Signal	0.01388413192	
NONE	2.035674201e-06	Person_or_Vehicle	0.8826808584	Other	0.0165630871	Building_or_Public_Space	0.07004939201	Road_or_Driveway	0.0278161801	Traffic_Signal	0.002888446743	
NONE	0.001404164446	Person_or_Vehicle	0.8733079198	Other	0.02644180728	Building_or_Public_Space	0.06579201382	Road_or_Driveway	0.02446447564	Traffic_Signal	0.008589619052	
NONE	2.533135574e-05	Person_or_Vehicle	0.8229688982	Other	0.0240783161	Building_or_Public_Space	0.09770358219	Road_or_Driveway	0.05379409835	Traffic_Signal	0.001429773809	
NONE	0.000150913058	Person_or_Vehicle	0.7052979607	Other	0.03654004614	Building_or_Public_Space	0.1989875715	Road_or_Driveway	0.04830400899	Traffic_Signal	0.01071949969	
NONE	9.279570783e-05	Person_or_Vehicle	0.04437669358	Other	0.111457865	Building_or_Public_Space	0.09255764607	Road_or_Driveway	0.5221846425	Traffic_Signal	0.2293303571	
NONE	0.002849921958	Person_or_Vehicle	0.3566678725	Other	0.06710847286	Building_or_Public_Space	0.2376243141	Road_or_Driveway	0.3093721373	Traffic_Signal	0.02637728131	
NONE	0.002482554709	Person_or_Vehicle	0.6232108394	Other	0.01417174645	Building_or_Public_Space	0.3083777034	Road_or_Driveway	0.04256692071	Traffic_Signal	0.009190235306	
NONE	0.001622734993	Person_or_Vehicle	0.4702039295	Other	0.02039580318	Building_or_Public_Space	0.2141658703	Road_or_Driveway	0.2318453983	Traffic_Signal	0.06176626375	
NONE	0.0114256843	Person_or_Vehicle	0.2530660491	Other	0.08369502809	Building_or_Public_Space	0.1739237654	Road_or_Driveway	0.2041042938	Traffic_Signal	0.2737851793	
NONE	0.0001636535331	Person_or_Vehicle	0.5433857873	Other	0.1098429534	Building_or_Public_Space	0.1841811352	Road_or_Driveway	0.160595787	Traffic_Signal	0.001830683548	
NONE	0.0003652035316	Person_or_Vehicle	0.7695186003	Other	0.03007565918	Building_or_Public_Space	0.1749772563	Road_or_Driveway	0.02021798451	Traffic_Signal	0.004845296122	
NONE	0.001222837157	Person_or_Vehicle	0.2581413016	Other	0.06109625669	Building_or_Public_Space	0.4436605715	Road_or_Driveway	0.1660497876	Traffic_Signal	0.06982924547	
NONE	0.0008167097254	Person_or_Vehicle	0.4406011853	Other	0.05782660288	Building_or_Public_Space	0.2503302414	Road_or_Driveway	0.2222534548	Traffic_Signal	0.02817180584	
NONE	4.899416635e-05	Person_or_Vehicle	0.1267120863	Other	0.03610051947	Building_or_Public_Space	0.7468875013	Road_or_Driveway	0.04417359848	Traffic_Signal	0.0460773003	
NONE	0.0003010602896	Person_or_Vehicle	0.7720137768	Other	0.05295872944	Building_or_Public_Space	0.1152230092	Road_or_Driveway	0.04427116415	Traffic_Signal	0.01523226014	
NONE	0.0002452583647	Person_or_Vehicle	0.3294990246	Other	0.177934701	Building_or_Public_Space	0.36700981	Road_or_Driveway	0.11208397	Traffic_Signal	0.0132272359	
NONE	0.001164052878	Person_or_Vehicle	0.4864282311	Other	0.1003300688	Building_or_Public_Space	0.21702385	Road_or_Driveway	0.1680133483	Traffic_Signal	0.02704044891	
NONE	0.0002757617686	Person_or_Vehicle	0.4284994312	Other	0.068579652	Building_or_Public_Space	0.2584237157	Road_or_Driveway	0.217064348	Traffic_Signal	0.02715709135	
NONE	0.0002354822322	Person_or_Vehicle	0.7489266859	Other	0.08850377535	Building_or_Public_Space	0.1254304223	Road_or_Driveway	0.01593391209	Traffic_Signal	0.02096972217	
NONE	0.0003676501831	Person_or_Vehicle	0.2400500726	Other	0.3699010791	Building_or_Public_Space	0.3235612292	Road_or_Driveway	0.02639530337	Traffic_Signal	0.03972466545	
NONE	0.00578066962	Person_or_Vehicle	0.7097269572	Other	0.02398701036	Building_or_Public_Space	0.2250562673	Road_or_Driveway	0.0212782312	Traffic_Signal	0.0141708643	
NONE	0.0001028068216	Person_or_Vehicle	0.6028946005	Other	0.06066311368	Building_or_Public_Space	0.2633539829	Road_or_Driveway	0.06238718738	Traffic_Signal	0.01059830867	
NONE	8.63649782e-05	Person_or_Vehicle	0.158832208	Other	0.03386977929	Building_or_Public_Space	0.7536006262	Road_or_Driveway	0.04094358215	Traffic_Signal	0.01266743943	
NONE	5.280530272e-06	Person_or_Vehicle	0.07047686476	Other	0.01383014288	Building_or_Public_Space	0.1620434406	Road_or_Driveway	0.7273711562	Traffic_Signal	0.02627311503	
NONE	0.001685262808	Person_or_Vehicle	0.5595924573	Other	0.1226554872	Building_or_Public_Space	0.2340319197	Road_or_Driveway	0.07398296693	Traffic_Signal	0.008051906136	
NONE	0.00011161926	Person_or_Vehicle	0.7967119045	Other	0.01857957059	Building_or_Public_Space	0.1406652647	Road_or_Driveway	0.04190284118	Traffic_Signal	0.002028799826	
NONE	0.000259171181	Person_or_Vehicle	0.3914630386	Other	0.07307905914	Building_or_Public_Space	0.4784223838	Road_or_Driveway	0.04920810425	Traffic_Signal	0.007568243032	
NONE	0.0001149016861	Person_or_Vehicle	0.8209435733	Other	0.06788322284	Building_or_Public_Space	0.09114502622	Road_or_Driveway	0.01680894026	Traffic_Signal	0.003104335646	
NONE	0.002150137559	Person_or_Vehicle	0.5402328928	Other	0.04890866238	Building_or_Public_Space	0.2276558158	Road_or_Driveway	0.1594455903	Traffic_Signal	0.02160690109	
NONE	0.001446722315	Person_or_Vehicle	0.5330509298	Other	0.03475644342	Building_or_Public_Space	0.2649770585	Road_or_Driveway	0.1279988343	Traffic_Signal	0.03777001157	
NONE	0.001588408226	Person_or_Vehicle	0.4238453606	Other	0.02720729478	Building_or_Public_Space	0.1764772042	Road_or_Driveway	0.3296738404	Traffic_Signal	0.0412078918	
NONE	0.0002817796039	Person_or_Vehicle	0.5333357965	Other	0.01700845755	Building_or_Public_Space	0.1384875196	Road_or_Driveway	0.2868216945	Traffic_Signal	0.02406475222	
NONE	6.072481023e-06	Person_or_Vehicle	0.8214698451	Other	0.05651434803	Building_or_Public_Space	0.07230489703	Road_or_Driveway	0.04600138143	Traffic_Signal	0.003703455923	
NONE	0.0004819332507	Person_or_Vehicle	0.6079835913	Other	0.1100255834	Building_or_Public_Space	0.1788277558	Road_or_Driveway	0.08699288114	Traffic_Signal	0.01568825516	
NONE	0.002703917819	Person_or_Vehicle	0.4060439911	Other	0.1120816035	Building_or_Public_Space	0.3051483543	Road_or_Driveway	0.1465459983	Traffic_Signal	0.02747613492	
NONE	0.001063985669	Person_or_Vehicle	0.6659689853	Other	0.0589381692	Building_or_Public_Space	0.1151640523	Road_or_Driveway	0.1367391204	Traffic_Signal	0.02212568712	
NONE	0.0009334115348	Person_or_Vehicle	0.3835122131	Other	0.03367668689	Building_or_Public_Space	0.4918631098	Road_or_Driveway	0.04273676277	Traffic_Signal	0.04727781593	
NONE	0.0009172601798	Person_or_Vehicle	0.3335186174	Other	0.01104666006	Building_or_Public_Space	0.1776315107	Road_or_Driveway	0.3874326077	Traffic_Signal	0.08945334403	
NONE	0.001851023302	Person_or_Vehicle	0.7348511186	Other	0.0598508412	Building_or_Public_Space	0.1569163027	Road_or_Driveway	0.041210137	Traffic_Signal	0.005320577249	
NONE	3.410971023e-05	Person_or_Vehicle	0.4859216582	Other	0.07480044726	Building_or_Public_Space	0.2745596338	Road_or_Driveway	0.1552487186	Traffic_Signal	0.009435432527	
NONE	0.0008674645543	Person_or_Vehicle	0.4056887941	Other	0.04859908592	Building_or_Public_Space	0.3814089474	Road_or_Driveway	0.1352870281	Traffic_Signal	0.02814867998	
NONE	0.0004739353237	Person_or_Vehicle	0.1703952516	Other	0.04994216908	Building_or_Public_Space	0.4674091513	Road_or_Driveway	0.2926914463	Traffic_Signal	0.01908804635	
NONE	4.654778421e-05	Person_or_Vehicle	0.6176068602	Other	0.0482858345	Building_or_Public_Space	0.08935622817	Road_or_Driveway	0.2407452523	Traffic_Signal	0.003959277077	
NONE	1.542836926e-05	Person_or_Vehicle	0.922981489	Other	0.02316221403	Building_or_Public_Space	0.04354117487	Road_or_Driveway	0.008925609519	Traffic_Signal	0.001374084249	
NONE	7.03947958e-05	Person_or_Vehicle	0.8232683835	Other	0.04080578937	Building_or_Public_Space	0.1060613417	Road_or_Driveway	0.02685716139	Traffic_Signal	0.002936929222	
NONE	0.0001601547836	Person_or_Vehicle	0.5370851504	Other	0.06403868664	Building_or_Public_Space	0.3145063991	Road_or_Driveway	0.07148301009	Traffic_Signal	0.01272659904	
NONE	5.215988856e-06	Person_or_Vehicle	0.5113739502	Other	0.05396355651	Building_or_Public_Space	0.3623602952	Road_or_Driveway	0.06253464705	Traffic_Signal	0.00976233512	
NONE	0.0005802912837	Person_or_Vehicle	0.7280882476	Other	0.05026713497	Building_or_Public_Space	0.1303457476	Road_or_Driveway	0.0813075217	Traffic_Signal	0.009411056769	
NONE	0.0001760490651	Person_or_Vehicle	0.4088275608	Other	0.1066517732	Building_or_Public_Space	0.3129758273	Road_or_Driveway	0.1465594956	Traffic_Signal	0.02480929408	
NONE	0.004810488203	Person_or_Vehicle	0.8351083691	Other	0.01815106366	Building_or_Public_Space	0.1209889848	Road_or_Driveway	0.01955355958	Traffic_Signal	0.001387534677	
NONE	2.544910549e-05	Person_or_Vehicle	0.3319821584	Other	0.07591716984	Building_or_Public_Space	0.3471871771	Road_or_Driveway	0.2081092752	Traffic_Signal	0.03677877037	
NONE	0.007659395967	Person_or_Vehicle	0.3523222427	Other	0.03323866826	Building_or_Public_Space	0.4595091725	Road_or_Driveway	0.1279408774	Traffic_Signal	0.01932964322	
NONE	0.001248361136	Person_or_Vehicle	0.6392172762	Other	0.03163811023	Building_or_Public_Space	0.2613442484	Road_or_Driveway	0.05934199661	Traffic_Signal	0.00721000739	
NONE	0.0002024043066	Person_or_Vehicle	0.4808905142	Other	0.1524117045	Building_or_Public_Space	0.2310108867	Road_or_Driveway	0.1283835696	Traffic_Signal	0.007100920721	
NONE	0.01243559556	Person_or_Vehicle	0.3946516659	Other	0.1436109988	Building_or_Public_Space	0.2670737125	Road_or_Driveway	0.1606872231	Traffic_Signal	0.02154080407	
NONE	2.304950316e-05	Person_or_Vehicle	0.7237750536	Other	0.05702315289	Building_or_Public_Space	0.1359638225	Road_or_Driveway	0.07841399579	Traffic_Signal	0.004800925711	
NONE	0.0015083485	Person_or_Vehicle	0.4956648275	Other	0.1315090577	Building_or_Public_Space	0.2300882965	Road_or_Driveway	0.137854974	Traffic_Signal	0.003374495841	
NONE	0.000399046311	Person_or_Vehicle	0.666708909	Other	0.03807634174	Building_or_Public_Space	0.1726524937	Road_or_Driveway	0.1067403856	Traffic_Signal	0.01542282364	
NONE	0.000354282751	Person_or_Vehicle	0.5127677234	Other	0.09074075891	Building_or_Public_Space	0.1922047402	Road_or_Driveway	0.1958816636	Traffic_Signal	0.00805083115	
NONE	7.435882689e-05	Person_or_Vehicle	0.8010719977	Other	0.01908206049	Building_or_Public_Space	0.135997775	Road_or_Driveway	0.04185673623	Traffic_Signal	0.001917071749	
NONE	6.183809154e-05	Person_or_Vehicle	0.8556418731	Other	0.02478652121	Building_or_Public_Space	0.09046345932	Road_or_Driveway	0.02628811756	Traffic_Signal	0.002758190736	
NONE	1.889582692e-05	Person_or_Vehicle	0.8505869011	Other	0.02261645163	Building_or_Public_Space	0.09051170811	Road_or_Driveway	0.03286321904	Traffic_Signal	0.003402824339	
NONE	0.001783742285	Person_or_Vehicle	0.3184712725	Other	0.01931203128	Building_or_Public_Space	0.2654866787	Road_or_Driveway	0.192012951	Traffic_Signal	0.2029333241	
NONE	0.0007068404299	Person_or_Vehicle	0.2682487915	Other	0.4021709894	Building_or_Public_Space	0.1112381692	Road_or_Driveway	0.179710469	Traffic_Signal	0.03792474037	
NONE	0.0003642371737	Person_or_Vehicle	0.2992085314	Other	0.1190642573	Building_or_Public_Space	0.5012552124	Road_or_Driveway	0.054492639	Traffic_Signal	0.02561512263	
NONE	8.417392272e-05	Person_or_Vehicle	0.7354027644	Other	0.02200443998	Building_or_Public_Space	0.2186277479	Road_or_Driveway	0.005947974187	Traffic_Signal	0.01793289958	
NONE	1.020994677e-05	Person_or_Vehicle	0.08349932774	Other	0.01862776374	Building_or_Public_Space	0.5275537589	Road_or_Driveway	0.2829118922	Traffic_Signal	0.08739704748	
NONE	0.001173423046	Person_or_Vehicle	0.8677375255	Other	0.02461055502	Building_or_Public_Space	0.08971844559	Road_or_Driveway	0.01571620807	Traffic_Signal	0.001043842777	
NONE	0.000111876656	Person_or_Vehicle	0.7580400727	Other	0.1635248527	Building_or_Public_Space	0.06299762797	Road_or_Driveway	0.01033244805	Traffic_Signal	0.004993121921	
NONE	0.0002624552003	Person_or_Vehicle	0.7537103798	Other	0.08760023844	Building_or_Public_Space	0.1319964439	Road_or_Driveway	0.01513082553	Traffic_Signal	0.01129965712	
NONE	0.0001766303685	Person_or_Vehicle	0.3859715543	Other	0.1961661184	Building_or_Public_Space	0.210558796	Road_or_Driveway	0.1959588252	Traffic_Signal	0.01116807579	
NONE	0.0002079278548	Person_or_Vehicle	0.5516512729	Other	0.02967922374	Building_or_Public_Space	0.374194968	Road_or_Driveway	0.04060224262	Traffic_Signal	0.003664364923	
NONE	0.0002313009974	Person_or_Vehicle	0.3519675998	Other	0.05275952971	Building_or_Public_Space	0.4406323504	Road_or_Driveway	0.1292423236	Traffic_Signal	0.02516689543	
NONE	2.90802473e-05	Person_or_Vehicle	0.4323666814	Other	0.04342123777	Building_or_Public_Space	0.4413697031	Road_or_Driveway	0.07582591745	Traffic_Signal	0.006987380053	
NONE	0.001047208592	Person_or_Vehicle	0.1811474141	Other	0.04579646035	Building_or_Public_Space	0.5814404003	Road_or_Driveway	0.1421173319	Traffic_Signal	0.04845118477	
NONE	0.0004947573541	Person_or_Vehicle	0.3205581417	Other	0.08982559237	Building_or_Public_Space	0.2994426435	Road_or_Driveway	0.2610748098	Traffic_Signal	0.02860405531	
NONE	0.0007844450682	Person_or_Vehicle	0.1101568119	Other	0.05214168343	Building_or_Public_Space	0.5240141303	Road_or_Driveway	0.2231673786	Traffic_Signal	0.08973555072	
NONE	0.0002760655467	Person_or_Vehicle	0.5281892183	Other	0.04003921233	Building_or_Public_Space	0.1640285251	Road_or_Driveway	0.2512832138	Traffic_Signal	0.01618376491	
NONE	0.001268905797	Person_or_Vehicle	0.6999039962	Other	0.01637737443	Building_or_Public_Space	0.1774172701	Road_or_Driveway	0.08485958151	Traffic_Signal	0.02017287197	
NONE	0.0004296866783	Person_or_Vehicle	0.3911737435	Other	0.04971346577	Building_or_Public_Space	0.2580720867	Road_or_Driveway	0.269872852	Traffic_Signal	0.03073816534	
NONE	0.0005827549863	Person_or_Vehicle	0.546844807	Other	0.04975051117	Building_or_Public_Space	0.1582103972	Road_or_Driveway	0.1123446566	Traffic_Signal	0.1322668731	
NONE	0.006287637367	Person_or_Vehicle	0.3793877031	Other	0.04878949211	Building_or_Public_Space	0.227439508	Road_or_Driveway	0.2381378639	Traffic_Signal	0.09995779554	
NONE	0.0002811258891	Person_or_Vehicle	0.03679734381	Other	0.01677132365	Building_or_Public_Space	0.02826481424	Road_or_Driveway	0.1005694338	Traffic_Signal	0.8173159586	
NONE	0.0005519494496	Person_or_Vehicle	0.3975591148	Other	0.06348800217	Building_or_Public_Space	0.2354432285	Road_or_Driveway	0.2590430146	Traffic_Signal	0.04391469049	
NONE	0.0001259268684	Person_or_Vehicle	0.3100262413	Other	0.06780288601	Building_or_Public_Space	0.4585069186	Road_or_Driveway	0.1441310283	Traffic_Signal	0.01940699887	
NONE	0.00206839613	Person_or_Vehicle	0.2300515675	Other	0.07902792757	Building_or_Public_Space	0.4934492226	Road_or_Driveway	0.1701103985	Traffic_Signal	0.02529248757	
NONE	0.03049239283	Person_or_Vehicle	0.1548166465	Other	0.03847420689	Building_or_Public_Space	0.4119476479	Road_or_Driveway	0.2264016189	Traffic_Signal	0.137867487	
NONE	0.001235180456	Person_or_Vehicle	0.524163579	Other	0.02868780909	Building_or_Public_Space	0.2117277057	Road_or_Driveway	0.1265881968	Traffic_Signal	0.107597529	
NONE	0.003190305975	Person_or_Vehicle	0.263234964	Other	0.1318283003	Building_or_Public_Space	0.1244263225	Road_or_Driveway	0.462574859	Traffic_Signal	0.01474524821	
NONE	0.000102000856	Person_or_Vehicle	0.6682942285	Other	0.04703553019	Building_or_Public_Space	0.1619415778	Road_or_Driveway	0.08740975223	Traffic_Signal	0.03521691051	
NONE	0.0009022860182	Person_or_Vehicle	0.274016411	Other	0.02447024061	Building_or_Public_Space	0.5975650438	Road_or_Driveway	0.09088490599	Traffic_Signal	0.01216111252	
NONE	0.002326835266	Person_or_Vehicle	0.8292224365	Other	0.05507528927	Building_or_Public_Space	0.05623701451	Road_or_Driveway	0.04557696219	Traffic_Signal	0.01156146223	
NONE	0.001079477556	Person_or_Vehicle	0.8412162383	Other	0.08727875381	Building_or_Public_Space	0.03054105652	Road_or_Driveway	0.0305303672	Traffic_Signal	0.009354106583	
NONE	0.000182561878	Person_or_Vehicle	0.1180495171	Other	0.02506234683	Building_or_Public_Space	0.8074668879	Road_or_Driveway	0.04590010738	Traffic_Signal	0.003338578845	
NONE	8.010135237e-05	Person_or_Vehicle	0.3345836477	Other	0.05178951714	Building_or_Public_Space	0.4408240584	Road_or_Driveway	0.1537893985	Traffic_Signal	0.01893327689	
NONE	0.001318180405	Person_or_Vehicle	0.7225432934	Other	0.03860621098	Building_or_Public_Space	0.1661910431	Road_or_Driveway	0.03979346697	Traffic_Signal	0.03154780517	
NONE	0.0001443332078	Person_or_Vehicle	0.2909156508	Other	0.009691401335	Building_or_Public_Space	0.1593593932	Road_or_Driveway	0.5205439416	Traffic_Signal	0.01934527988	
NONE	0.003270876621	Person_or_Vehicle	0.4018871143	Other	0.05460701993	Building_or_Public_Space	0.2786420488	Road_or_Driveway	0.2465185038	Traffic_Signal	0.01507443652	
NONE	0.05359473618	Person_or_Vehicle	0.656265226	Other	0.05939834285	Building_or_Public_Space	0.109999142	Road_or_Driveway	0.1040011338	Traffic_Signal	0.01674141922	
NONE	0.001007025452	Person_or_Vehicle	0.2874184997	Other	0.03827145338	Building_or_Public_Space	0.582050402	Road_or_Driveway	0.06565022472	Traffic_Signal	0.02560239477	
NONE	0.0007281706637	Person_or_Vehicle	0.1044813287	Other	0.03263066714	Building_or_Public_Space	0.716877027	Road_or_Driveway	0.1080454492	Traffic_Signal	0.03723735734	
NONE	0.0009261476366	Person_or_Vehicle	0.4017669042	Other	0.02780971379	Building_or_Public_Space	0.3046415851	Road_or_Driveway	0.1979950787	Traffic_Signal	0.06686057056	
NONE	0.0003387406122	Person_or_Vehicle	0.5191351881	Other	0.03790550764	Building_or_Public_Space	0.3172888223	Road_or_Driveway	0.1032529804	Traffic_Signal	0.022078761	
NONE	0.0006715273555	Person_or_Vehicle	0.5856940637	Other	0.02504076728	Building_or_Public_Space	0.2568905491	Road_or_Driveway	0.1174287002	Traffic_Signal	0.01427439238	
NONE	0.0003930004762	Person_or_Vehicle	0.3466499068	Other	0.02730556473	Building_or_Public_Space	0.1199575605	Road_or_Driveway	0.4554327625	Traffic_Signal	0.05026120488	
NONE	0.0009812850669	Person_or_Vehicle	0.4234903723	Other	0.316598428	Building_or_Public_Space	0.1085135213	Road_or_Driveway	0.1447917801	Traffic_Signal	0.005624613216	
NONE	0.0001092562982	Person_or_Vehicle	0.2823109668	Other	0.02809100553	Building_or_Public_Space	0.3511800674	Road_or_Driveway	0.3340337287	Traffic_Signal	0.004274975296	
NONE	2.308608139e-05	Person_or_Vehicle	0.617534477	Other	0.04268262218	Building_or_Public_Space	0.1530539069	Road_or_Driveway	0.1813385513	Traffic_Signal	0.005367356472	
NONE	4.833478475e-05	Person_or_Vehicle	0.1958921787	Other	0.03605057952	Building_or_Public_Space	0.1360798969	Road_or_Driveway	0.6199570605	Traffic_Signal	0.01197194962	
NONE	0.000373303265	Person_or_Vehicle	0.4168885272	Other	0.04371385197	Building_or_Public_Space	0.112399331	Road_or_Driveway	0.4136700211	Traffic_Signal	0.0129549654	
NONE	0.001707472541	Person_or_Vehicle	0.2074609476	Other	0.08856158395	Building_or_Public_Space	0.1604108548	Road_or_Driveway	0.5142117844	Traffic_Signal	0.02764735669	
NONE	0.0003476199616	Person_or_Vehicle	0.08655961948	Other	0.1335987663	Building_or_Public_Space	0.3384338436	Road_or_Driveway	0.4340983227	Traffic_Signal	0.006961827954	
NONE	0.0007914131156	Person_or_Vehicle	0.5114387048	Other	0.1255556899	Building_or_Public_Space	0.2642660142	Road_or_Driveway	0.08975454098	Traffic_Signal	0.008193637014	
NONE	0.0009443026193	Person_or_Vehicle	0.766279084	Other	0.01551171232	Building_or_Public_Space	0.1389042498	Road_or_Driveway	0.0455997694	Traffic_Signal	0.03276088183	
NONE	0.002981001035	Person_or_Vehicle	0.5626737653	Other	0.1637544758	Building_or_Public_Space	0.1287329407	Road_or_Driveway	0.1277109263	Traffic_Signal	0.01414689087	
NONE	0.0009604353941	Person_or_Vehicle	0.4616460729	Other	0.2043394644	Building_or_Public_Space	0.3004432253	Road_or_Driveway	0.01875796283	Traffic_Signal	0.01385283923	
NONE	7.816750991e-05	Person_or_Vehicle	0.278928203	Other	0.04278388644	Building_or_Public_Space	0.3536562945	Road_or_Driveway	0.2409726312	Traffic_Signal	0.08358081734	
NONE	5.87953289e-05	Person_or_Vehicle	0.827219637	Other	0.01092519768	Building_or_Public_Space	0.1210427053	Road_or_Driveway	0.03379537346	Traffic_Signal	0.006958291266	
NONE	0.0001923951779	Person_or_Vehicle	0.1405365346	Other	0.06661555916	Building_or_Public_Space	0.6426467161	Road_or_Driveway	0.1442978708	Traffic_Signal	0.005710924196	
NONE	0.0002593455261	Person_or_Vehicle	0.7606998507	Other	0.02976084989	Building_or_Public_Space	0.1430921287	Road_or_Driveway	0.06366606979	Traffic_Signal	0.002521755395	
NONE	0.002462553954	Person_or_Vehicle	0.41429272	Other	0.05071420159	Building_or_Public_Space	0.2809567079	Road_or_Driveway	0.1991228481	Traffic_Signal	0.05245096842	
NONE	0.0006939146014	Person_or_Vehicle	0.3779327119	Other	0.1330316094	Building_or_Public_Space	0.2362841466	Road_or_Driveway	0.2419010036	Traffic_Signal	0.01015661396	
NONE	0.0001935060342	Person_or_Vehicle	0.4773983388	Other	0.06615904429	Building_or_Public_Space	0.3270356039	Road_or_Driveway	0.1057201728	Traffic_Signal	0.02349333413	
NONE	0.0002152304464	Person_or_Vehicle	0.5341535449	Other	0.08295599114	Building_or_Public_Space	0.1816748985	Road_or_Driveway	0.1443491413	Traffic_Signal	0.05665119377	
NONE	8.178529848e-05	Person_or_Vehicle	0.8875448399	Other	0.0170989646	Building_or_Public_Space	0.07859391066	Road_or_Driveway	0.01205342115	Traffic_Signal	0.004627078432	
NONE	0.0002081184715	Person_or_Vehicle	0.6806879118	Other	0.1304512064	Building_or_Public_Space	0.133052107	Road_or_Driveway	0.03535033103	Traffic_Signal	0.0202503254	
NONE	0.0002218700688	Person_or_Vehicle	0.7409332552	Other	0.03183237616	Building_or_Public_Space	0.1983460967	Road_or_Driveway	0.0244847589	Traffic_Signal	0.004181642949	
NONE	0.0003951764721	Person_or_Vehicle	0.6564948265	Other	0.0469428511	Building_or_Public_Space	0.2524323686	Road_or_Driveway	0.04117937952	Traffic_Signal	0.002555397831	
NONE	0.0003117100477	Person_or_Vehicle	0.4212564156	Other	0.07759050853	Building_or_Public_Space	0.2476027531	Road_or_Driveway	0.2194775899	Traffic_Signal	0.03376102276	
NONE	0.009445974048	Person_or_Vehicle	0.4079912439	Other	0.04447243375	Building_or_Public_Space	0.3948674259	Road_or_Driveway	0.12140423	Traffic_Signal	0.02181869239	
NONE	0.0004955207294	Person_or_Vehicle	0.2693207509	Other	0.04166150629	Building_or_Public_Space	0.4126862241	Road_or_Driveway	0.2318179153	Traffic_Signal	0.04401808273	
NONE	5.551305671e-05	Person_or_Vehicle	0.3884270512	Other	0.2704178871	Building_or_Public_Space	0.1510159221	Road_or_Driveway	0.1756860105	Traffic_Signal	0.01439761606	
NONE	0.0001708502703	Person_or_Vehicle	0.1490295679	Other	0.6089631723	Building_or_Public_Space	0.1112239397	Road_or_Driveway	0.1198473773	Traffic_Signal	0.01076509253	
NONE	0.00150934997	Person_or_Vehicle	0.2400727087	Other	0.1563260619	Building_or_Public_Space	0.2007634495	Road_or_Driveway	0.3730994604	Traffic_Signal	0.02822896947	
NONE	0.000380532512	Person_or_Vehicle	0.4258478244	Other	0.03967305925	Building_or_Public_Space	0.3166432378	Road_or_Driveway	0.1683847506	Traffic_Signal	0.04907059536	
NONE	0.0004029884483	Person_or_Vehicle	0.7048430023	Other	0.08311515169	Building_or_Public_Space	0.146736945	Road_or_Driveway	0.05998031086	Traffic_Signal	0.004921601655	
NONE	0.000239656151	Person_or_Vehicle	0.4322170564	Other	0.2455023465	Building_or_Public_Space	0.1943160415	Road_or_Driveway	0.1237475502	Traffic_Signal	0.003977349293	
NONE	0.0003166284979	Person_or_Vehicle	0.3646374181	Other	0.1183801674	Building_or_Public_Space	0.3239480777	Road_or_Driveway	0.1867837785	Traffic_Signal	0.005933929767	
NONE	5.085667365e-05	Person_or_Vehicle	0.1624767861	Other	0.006486535534	Building_or_Public_Space	0.7968080046	Road_or_Driveway	0.02830457357	Traffic_Signal	0.005873243595	
NONE	4.038674823e-05	Person_or_Vehicle	0.3249488185	Other	0.02906602334	Building_or_Public_Space	0.6169347343	Road_or_Driveway	0.02702898458	Traffic_Signal	0.00198105258	
NONE	0.00114594458	Person_or_Vehicle	0.5178471306	Other	0.1964002703	Building_or_Public_Space	0.2566813645	Road_or_Driveway	0.0175960441	Traffic_Signal	0.01032924594	
NONE	0.006056845082	Person_or_Vehicle	0.4525928457	Other	0.02974116972	Building_or_Public_Space	0.3245589065	Road_or_Driveway	0.08641972645	Traffic_Signal	0.1006305066	
NONE	0.0005524298663	Person_or_Vehicle	0.4929795567	Other	0.0409465583	Building_or_Public_Space	0.1821333662	Road_or_Driveway	0.256169556	Traffic_Signal	0.02721853284	
NONE	0.0001281912152	Person_or_Vehicle	0.3800814867	Other	0.08434703009	Building_or_Public_Space	0.1838227761	Road_or_Driveway	0.3395732641	Traffic_Signal	0.01204725177	
NONE	0.0142085622	Person_or_Vehicle	0.6131575189	Other	0.09149287089	Building_or_Public_Space	0.1928247138	Road_or_Driveway	0.07299906482	Traffic_Signal	0.01531726935	
NONE	2.461837048e-06	Person_or_Vehicle	0.4045545339	Other	0.09467537135	Building_or_Public_Space	0.1803728827	Road_or_Driveway	0.311325169	Traffic_Signal	0.009069581203	
NONE	2.325061267e-05	Person_or_Vehicle	0.2530930497	Other	0.09062789696	Building_or_Public_Space	0.2455846265	Road_or_Driveway	0.3915458058	Traffic_Signal	0.01912537043	
NONE	0.0007296926317	Person_or_Vehicle	0.4550801165	Other	0.05661202572	Building_or_Public_Space	0.3160169889	Road_or_Driveway	0.148388622	Traffic_Signal	0.02317255426	
NONE	0.0001232515203	Person_or_Vehicle	0.1402043085	Other	0.0246236658	Building_or_Public_Space	0.2411537977	Road_or_Driveway	0.5849377012	Traffic_Signal	0.008957275238	
NONE	9.517529912e-05	Person_or_Vehicle	0.1832521246	Other	0.02809214613	Building_or_Public_Space	0.1047121768	Road_or_Driveway	0.6702423132	Traffic_Signal	0.0136060639	
NONE	0.002894647395	Person_or_Vehicle	0.4880620211	Other	0.06182976024	Building_or_Public_Space	0.3069036236	Road_or_Driveway	0.1276026968	Traffic_Signal	0.01270725086	
NONE	0.001268366294	Person_or_Vehicle	0.8534127309	Other	0.0640296239	Building_or_Public_Space	0.06246937025	Road_or_Driveway	0.01578258432	Traffic_Signal	0.00303732435	
NONE	0.001234003797	Person_or_Vehicle	0.9174659984	Other	0.01387138818	Building_or_Public_Space	0.05792003462	Road_or_Driveway	0.003432038046	Traffic_Signal	0.006076536975	
NONE	0.002571781416	Person_or_Vehicle	0.7167055051	Other	0.006825671043	Building_or_Public_Space	0.2376010419	Road_or_Driveway	0.013949757	Traffic_Signal	0.0223462435	
NONE	0.003635881447	Person_or_Vehicle	0.8654509175	Other	0.008252962567	Building_or_Public_Space	0.08771758674	Road_or_Driveway	0.01806096334	Traffic_Signal	0.01688168846	
NONE	0.0004085085568	Person_or_Vehicle	0.671282111	Other	0.01431269254	Building_or_Public_Space	0.2619889736	Road_or_Driveway	0.03527665386	Traffic_Signal	0.01673106037	
NONE	7.329912257e-05	Person_or_Vehicle	0.3422628118	Other	0.06806349789	Building_or_Public_Space	0.3786590604	Road_or_Driveway	0.1556292232	Traffic_Signal	0.05531210756	
NONE	0.0007617901635	Person_or_Vehicle	0.7333777398	Other	0.009375327735	Building_or_Public_Space	0.2259316815	Road_or_Driveway	0.02108273384	Traffic_Signal	0.009470726955	
NONE	0.001957996889	Person_or_Vehicle	0.2696873359	Other	0.03100490433	Building_or_Public_Space	0.6495944959	Road_or_Driveway	0.03402782173	Traffic_Signal	0.01372744527	
NONE	0.0001334568777	Person_or_Vehicle	0.329280541	Other	0.2380709679	Building_or_Public_Space	0.2041319912	Road_or_Driveway	0.2173616002	Traffic_Signal	0.01102144277	
NONE	0.0005806514934	Person_or_Vehicle	0.381256533	Other	0.1305575072	Building_or_Public_Space	0.2061363755	Road_or_Driveway	0.2256642928	Traffic_Signal	0.05580464004	
NONE	0.0001073507354	Person_or_Vehicle	0.9388795873	Other	0.008327659546	Building_or_Public_Space	0.0219792566	Road_or_Driveway	0.0295904807	Traffic_Signal	0.001115665084	
NONE	0.00245525994	Person_or_Vehicle	0.954855166	Other	0.003681085564	Building_or_Public_Space	0.007191071288	Road_or_Driveway	0.02867491939	Traffic_Signal	0.003142497863	
NONE	6.257345413e-05	Person_or_Vehicle	0.8746266191	Other	0.009024902322	Building_or_Public_Space	0.09848266607	Road_or_Driveway	0.01620386926	Traffic_Signal	0.001599369773	
NONE	0.0001289117836	Person_or_Vehicle	0.7190221596	Other	0.01919964384	Building_or_Public_Space	0.1129818661	Road_or_Driveway	0.1340003727	Traffic_Signal	0.01466704593	
NONE	0.0008093731867	Person_or_Vehicle	0.4007044499	Other	0.05198787702	Building_or_Public_Space	0.06795494823	Road_or_Driveway	0.1424718145	Traffic_Signal	0.3360715372	
NONE	0.0001679096836	Person_or_Vehicle	0.9157173418	Other	0.01978348617	Building_or_Public_Space	0.04843733452	Road_or_Driveway	0.01543132862	Traffic_Signal	0.0004625991588	
NONE	0.0003262430491	Person_or_Vehicle	0.8734606965	Other	0.02115784269	Building_or_Public_Space	0.07922026207	Road_or_Driveway	0.02397569897	Traffic_Signal	0.001859256689	
NONE	8.86176645e-05	Person_or_Vehicle	0.661392199	Other	0.04389554141	Building_or_Public_Space	0.2445147711	Road_or_Driveway	0.03844121042	Traffic_Signal	0.01166766036	
NONE	0.0001015187264	Person_or_Vehicle	0.3513534746	Other	0.175338966	Building_or_Public_Space	0.4054520666	Road_or_Driveway	0.06319356652	Traffic_Signal	0.004560407524	
NONE	1.885080872e-05	Person_or_Vehicle	0.4782957696	Other	0.04577383798	Building_or_Public_Space	0.3629378136	Road_or_Driveway	0.09668615432	Traffic_Signal	0.01628757364	
NONE	0.003108241429	Person_or_Vehicle	0.764010166	Other	0.092370641	Building_or_Public_Space	0.04166009058	Road_or_Driveway	0.017130859	Traffic_Signal	0.08172000201	
NONE	0.001973494272	Person_or_Vehicle	0.7096389978	Other	0.0353314	Building_or_Public_Space	0.1023879612	Road_or_Driveway	0.1021616874	Traffic_Signal	0.04850645938	
NONE	0.0002454472424	Person_or_Vehicle	0.5425792069	Other	0.01344376504	Building_or_Public_Space	0.326389243	Road_or_Driveway	0.0187237685	Traffic_Signal	0.09861856931	
NONE	0.001443603502	Person_or_Vehicle	0.3021741722	Other	0.07341396923	Building_or_Public_Space	0.249947279	Road_or_Driveway	0.2991085366	Traffic_Signal	0.07391243952	
NONE	0.0001250186775	Person_or_Vehicle	0.5793360596	Other	0.1396852128	Building_or_Public_Space	0.1711775195	Road_or_Driveway	0.08776576903	Traffic_Signal	0.0219104204	
NONE	3.340303452e-05	Person_or_Vehicle	0.09569130546	Other	0.6496873029	Building_or_Public_Space	0.1381347278	Road_or_Driveway	0.1018999223	Traffic_Signal	0.01455333841	
NONE	0.0001318233535	Person_or_Vehicle	0.9379991362	Other	0.02025677534	Building_or_Public_Space	0.02581939979	Road_or_Driveway	0.009756374741	Traffic_Signal	0.006036490551	
NONE	0.0003319967357	Person_or_Vehicle	0.6290291741	Other	0.149201985	Building_or_Public_Space	0.1811995244	Road_or_Driveway	0.02040574012	Traffic_Signal	0.01983157966	
NONE	2.000036153e-05	Person_or_Vehicle	0.594416698	Other	0.03384440483	Building_or_Public_Space	0.2912145432	Road_or_Driveway	0.04505394149	Traffic_Signal	0.03545041206	
NONE	0.002162351916	Person_or_Vehicle	0.2694536412	Other	0.03157599578	Building_or_Public_Space	0.6681845951	Road_or_Driveway	0.0178702764	Traffic_Signal	0.01075313953	
NONE	0.001031565008	Person_or_Vehicle	0.4131493331	Other	0.02969539217	Building_or_Public_Space	0.4207282686	Road_or_Driveway	0.1206450647	Traffic_Signal	0.0147503764	
NONE	0.003834878865	Person_or_Vehicle	0.3322281408	Other	0.03573568624	Building_or_Public_Space	0.3833348921	Road_or_Driveway	0.2289640996	Traffic_Signal	0.01590230245	
NONE	0.002776331098	Person_or_Vehicle	0.393490756	Other	0.03427185231	Building_or_Public_Space	0.140356807	Road_or_Driveway	0.3343701898	Traffic_Signal	0.09473406383	
NONE	0.0008834384752	Person_or_Vehicle	0.16978553	Other	0.02904995597	Building_or_Public_Space	0.7309206392	Road_or_Driveway	0.04624616097	Traffic_Signal	0.02311427539	
NONE	0.0003863698666	Person_or_Vehicle	0.5974142709	Other	0.08674984911	Building_or_Public_Space	0.1495889251	Road_or_Driveway	0.1501295331	Traffic_Signal	0.01573105187	
NONE	0.0001067707764	Person_or_Vehicle	0.6053716189	Other	0.05058073233	Building_or_Public_Space	0.2203035361	Road_or_Driveway	0.1078217513	Traffic_Signal	0.01581559067	
NONE	4.647275815e-05	Person_or_Vehicle	0.3697253392	Other	0.1648117741	Building_or_Public_Space	0.3765284613	Road_or_Driveway	0.0417955791	Traffic_Signal	0.04709237348	
NONE	0.0006581007448	Person_or_Vehicle	0.5011754029	Other	0.07751572433	Building_or_Public_Space	0.2330235021	Road_or_Driveway	0.1605541223	Traffic_Signal	0.02707314765	
NONE	6.445894504e-05	Person_or_Vehicle	0.6846055576	Other	0.05903842656	Building_or_Public_Space	0.1692912765	Road_or_Driveway	0.06793734602	Traffic_Signal	0.0190629343	
NONE	6.166044679e-05	Person_or_Vehicle	0.8483663593	Other	0.02003742836	Building_or_Public_Space	0.0903655349	Road_or_Driveway	0.03439834789	Traffic_Signal	0.006770669134	
NONE	2.361928076e-05	Person_or_Vehicle	0.2560140169	Other	0.07749251738	Building_or_Public_Space	0.5611789334	Road_or_Driveway	0.09248757221	Traffic_Signal	0.01280334085	
NONE	0.0001742695511	Person_or_Vehicle	0.4927122985	Other	0.02776388199	Building_or_Public_Space	0.2835448678	Road_or_Driveway	0.1446349097	Traffic_Signal	0.05116977243	
NONE	0.00133607064	Person_or_Vehicle	0.414666367	Other	0.02891603652	Building_or_Public_Space	0.2278940705	Road_or_Driveway	0.2727873294	Traffic_Signal	0.05440012587	
NONE	0.006228662141	Person_or_Vehicle	0.1381149384	Other	0.04097792828	Building_or_Public_Space	0.3562048325	Road_or_Driveway	0.4314062599	Traffic_Signal	0.02706737874	
NONE	0.000261960558	Person_or_Vehicle	0.1804875513	Other	0.06548026142	Building_or_Public_Space	0.3807500976	Road_or_Driveway	0.209853501	Traffic_Signal	0.1631666281	
NONE	0.00129415655	Person_or_Vehicle	0.5366714701	Other	0.124067259	Building_or_Public_Space	0.2679250027	Road_or_Driveway	0.05105321096	Traffic_Signal	0.01898890061	
NONE	6.112339995e-05	Person_or_Vehicle	0.6773478333	Other	0.02133348194	Building_or_Public_Space	0.1569774105	Road_or_Driveway	0.09528777643	Traffic_Signal	0.04899237438	
NONE	0.0003933144385	Person_or_Vehicle	0.763214619	Other	0.01341844633	Building_or_Public_Space	0.1927662218	Road_or_Driveway	0.004195359816	Traffic_Signal	0.02601203861	
