0 NONE Person_or_Vehicle NONE:0.000412502845998 Person_or_Vehicle:0.604162232496 Other:0.0398129311798 Building_or_Public_Space:0.266852437698 Road_or_Driveway:0.0746790061996 Traffic_Signal:0.0140808895799
1 Person_or_Vehicle Person_or_Vehicle NONE:0.000434104914502 Person_or_Vehicle:0.454244897802 Other:0.0828907137305 Building_or_Public_Space:0.345443064302 Road_or_Driveway:0.0944234375405 Traffic_Signal:0.0225637817101
2 Person_or_Vehicle Person_or_Vehicle NONE:0.000169210323789 Person_or_Vehicle:0.459248205671 Other:0.187314684488 Building_or_Public_Space:0.252749547784 Road_or_Driveway:0.0897137108343 Traffic_Signal:0.0108046408993
3 Person_or_Vehicle Building_or_Public_Space NONE:0.00113594944893 Person_or_Vehicle:0.108079433594 Other:0.150262754691 Building_or_Public_Space:0.559566434267 Road_or_Driveway:0.16557811289 Traffic_Signal:0.0153773151091
4 Other Person_or_Vehicle NONE:0.000977807156033 Person_or_Vehicle:0.404913476514 Other:0.155379279005 Building_or_Public_Space:0.267742418409 Road_or_Driveway:0.155199720405 Traffic_Signal:0.0157872985105
5 Person_or_Vehicle Building_or_Public_Space NONE:0.000152392591489 Person_or_Vehicle:0.367511588774 Other:0.0661380629353 Building_or_Public_Space:0.440224041069 Road_or_Driveway:0.0774889543745 Traffic_Signal:0.0484849602565
6 Building_or_Public_Space Building_or_Public_Space NONE:3.03450324024e-05 Person_or_Vehicle:0.0710201676855 Other:0.0359862092928 Building_or_Public_Space:0.738168097257 Road_or_Driveway:0.108218790008 Traffic_Signal:0.0465763907236
7 Building_or_Public_Space Building_or_Public_Space NONE:4.16562287942e-05 Person_or_Vehicle:0.246806413125 Other:0.0457689125746 Building_or_Public_Space:0.304028321431 Road_or_Driveway:0.19569781562 Traffic_Signal:0.207656881021
8 Building_or_Public_Space Person_or_Vehicle NONE:0.000656056040986 Person_or_Vehicle:0.700471540085 Other:0.0234354412995 Building_or_Public_Space:0.166137132497 Road_or_Driveway:0.0647284535586 Traffic_Signal:0.0445713765191
9 Person_or_Vehicle Building_or_Public_Space NONE:0.000501387077991 Person_or_Vehicle:0.292746606095 Other:0.0955561836383 Building_or_Public_Space:0.519250858791 Road_or_Driveway:0.0111761380798 Traffic_Signal:0.0807688263185
10 Building_or_Public_Space Person_or_Vehicle NONE:0.00400021816797 Person_or_Vehicle:0.529055654496 Other:0.0247231745998 Building_or_Public_Space:0.320374377597 Road_or_Driveway:0.0824562797493 Traffic_Signal:0.0393902953897
11 Person_or_Vehicle Person_or_Vehicle NONE:0.000183566085405 Person_or_Vehicle:0.607187070215 Other:0.0516968769413 Building_or_Public_Space:0.212567226105 Road_or_Driveway:0.0541338727513 Traffic_Signal:0.0742313879018
12 Person_or_Vehicle Person_or_Vehicle NONE:0.00310745338293 Person_or_Vehicle:0.694940483085 Other:0.0731552552884 Building_or_Public_Space:0.165329368596 Road_or_Driveway:0.0586102072987 Traffic_Signal:0.00485723234889
13 Person_or_Vehicle Person_or_Vehicle NONE:0.000821257953353 Person_or_Vehicle:0.661217119962 Other:0.103339020894 Building_or_Public_Space:0.144483444392 Road_or_Driveway:0.0842041047152 Traffic_Signal:0.00593505208366
14 Person_or_Vehicle Person_or_Vehicle NONE:0.000543729615829 Person_or_Vehicle:0.391389726921 Other:0.056150708203 Building_or_Public_Space:0.348580686219 Road_or_Driveway:0.116398953606 Traffic_Signal:0.0869361954347
15 Building_or_Public_Space Building_or_Public_Space NONE:0.00058984575147 Person_or_Vehicle:0.0666569268166 Other:0.0460914227776 Building_or_Public_Space:0.700085947664 Road_or_Driveway:0.150848288492 Traffic_Signal:0.0357275684982
16 Building_or_Public_Space Building_or_Public_Space NONE:1.18163717803e-05 Person_or_Vehicle:0.0130187577904 Other:0.0158149783704 Building_or_Public_Space:0.892423267325 Road_or_Driveway:0.0611560678317 Traffic_Signal:0.0175751123105
17 Building_or_Public_Space Person_or_Vehicle NONE:3.1016718159e-05 Person_or_Vehicle:0.825172807573 Other:0.0281193826991 Building_or_Public_Space:0.0855611453872 Road_or_Driveway:0.0562951387681 Traffic_Signal:0.00482050885484
18 Building_or_Public_Space Building_or_Public_Space NONE:0.000179071228606 Person_or_Vehicle:0.153508705705 Other:0.0486071132215 Building_or_Public_Space:0.730276186423 Road_or_Driveway:0.032535096211 Traffic_Signal:0.0348938272111
19 Building_or_Public_Space Person_or_Vehicle NONE:0.00059918250686 Person_or_Vehicle:0.737623118151 Other:0.0820980119845 Building_or_Public_Space:0.103178426193 Road_or_Driveway:0.0634830551158 Traffic_Signal:0.0130182060491
20 Person_or_Vehicle Building_or_Public_Space NONE:0.00192793531103 Person_or_Vehicle:0.205909702303 Other:0.0707421890211 Building_or_Public_Space:0.66749076681 Road_or_Driveway:0.0443283369807 Traffic_Signal:0.00960106957414
21 Road_or_Driveway Person_or_Vehicle NONE:0.00135358616995 Person_or_Vehicle:0.526498762479 Other:0.0374629085585 Building_or_Public_Space:0.221015221591 Road_or_Driveway:0.201196620992 Traffic_Signal:0.0124729002095
22 Road_or_Driveway Building_or_Public_Space NONE:7.81358316696e-05 Person_or_Vehicle:0.313575906198 Other:0.0315039819898 Building_or_Public_Space:0.422489020198 Road_or_Driveway:0.225057668099 Traffic_Signal:0.00729528768396
23 Person_or_Vehicle Person_or_Vehicle NONE:0.000194718592094 Person_or_Vehicle:0.766063324375 Other:0.0371329849788 Building_or_Public_Space:0.0858912867172 Road_or_Driveway:0.0886192725572 Traffic_Signal:0.0220984127793
24 Person_or_Vehicle Person_or_Vehicle NONE:7.84748271194e-05 Person_or_Vehicle:0.911858801593 Other:0.0216798037898 Building_or_Public_Space:0.00990538354792 Road_or_Driveway:0.0532176884096 Traffic_Signal:0.00325984783297
25 Person_or_Vehicle Person_or_Vehicle NONE:4.763317512e-05 Person_or_Vehicle:0.880819961701 Other:0.04289374664 Building_or_Public_Space:0.02846941127 Road_or_Driveway:0.04298968346 Traffic_Signal:0.004779563754
26 Person_or_Vehicle Person_or_Vehicle NONE:0.000140154242489 Person_or_Vehicle:0.612477518754 Other:0.119711494391 Building_or_Public_Space:0.115095104491 Road_or_Driveway:0.148051026989 Traffic_Signal:0.00452470113266
27 Person_or_Vehicle Person_or_Vehicle NONE:0.000118656154402 Person_or_Vehicle:0.589910834409 Other:0.0797864581012 Building_or_Public_Space:0.253416265204 Road_or_Driveway:0.0503288251008 Traffic_Signal:0.0264389610304
28 Person_or_Vehicle Person_or_Vehicle NONE:5.26215149413e-05 Person_or_Vehicle:0.468875733512 Other:0.0621025196516 Building_or_Public_Space:0.195274534905 Road_or_Driveway:0.241459065306 Traffic_Signal:0.0322355251108
29 Road_or_Driveway Building_or_Public_Space NONE:0.000258505655021 Person_or_Vehicle:0.189296719716 Other:0.0164867698914 Building_or_Public_Space:0.664550642955 Road_or_Driveway:0.12429616661 Traffic_Signal:0.00511119517242
30 Building_or_Public_Space Person_or_Vehicle NONE:0.0001360602716 Person_or_Vehicle:0.530710172799 Other:0.1423409766 Building_or_Public_Space:0.2276863583 Road_or_Driveway:0.0836323380699 Traffic_Signal:0.01549409396
31 Other Building_or_Public_Space NONE:3.89562160602e-05 Person_or_Vehicle:0.0401104279402 Other:0.0332516175301 Building_or_Public_Space:0.749147683003 Road_or_Driveway:0.159167574801 Traffic_Signal:0.0182837405101
32 Building_or_Public_Space Building_or_Public_Space NONE:0.000187427075897 Person_or_Vehicle:0.149511004098 Other:0.201870353697 Building_or_Public_Space:0.435925342193 Road_or_Driveway:0.166063010897 Traffic_Signal:0.0464428620393
33 Building_or_Public_Space Building_or_Public_Space NONE:7.89313513217e-05 Person_or_Vehicle:0.230193223805 Other:0.0310736610607 Building_or_Public_Space:0.680716387315 Road_or_Driveway:0.0491853945111 Traffic_Signal:0.00875240195719
34 Building_or_Public_Space Road_or_Driveway NONE:0.00253111582708 Person_or_Vehicle:0.29663846381 Other:0.0463979254815 Building_or_Public_Space:0.205919196207 Road_or_Driveway:0.392324171913 Traffic_Signal:0.0561891267619
35 Traffic_Signal Person_or_Vehicle NONE:0.000297447354616 Person_or_Vehicle:0.578479194032 Other:0.0706810912739 Building_or_Public_Space:0.18936769151 Road_or_Driveway:0.147290443908 Traffic_Signal:0.0138841319208
36 Person_or_Vehicle Person_or_Vehicle NONE:2.03567420094e-06 Person_or_Vehicle:0.882680858376 Other:0.0165630870995 Building_or_Public_Space:0.0700493920081 Road_or_Driveway:0.0278161800992 Traffic_Signal:0.00288844674292
37 Person_or_Vehicle Person_or_Vehicle NONE:0.00140416444595 Person_or_Vehicle:0.873307919767 Other:0.026441807279 Building_or_Public_Space:0.0657920138175 Road_or_Driveway:0.0244644756391 Traffic_Signal:0.00858961905167
38 Person_or_Vehicle Person_or_Vehicle NONE:2.53313557399e-05 Person_or_Vehicle:0.822968898196 Other:0.0240783160999 Building_or_Public_Space:0.0977035821895 Road_or_Driveway:0.0537940983497 Traffic_Signal:0.00142977380899
39 Person_or_Vehicle Person_or_Vehicle NONE:0.000150913057988 Person_or_Vehicle:0.705297960645 Other:0.0365400461371 Building_or_Public_Space:0.198987571484 Road_or_Driveway:0.0483040089862 Traffic_Signal:0.0107194996892
40 Person_or_Vehicle Road_or_Driveway NONE:9.27957078339e-05 Person_or_Vehicle:0.0443766935819 Other:0.111457865005 Building_or_Public_Space:0.0925576460739 Road_or_Driveway:0.522184642522 Traffic_Signal:0.22933035711
41 Building_or_Public_Space Person_or_Vehicle NONE:0.00284992195792 Person_or_Vehicle:0.35666787249 Other:0.0671084728581 Building_or_Public_Space:0.237624314093 Road_or_Driveway:0.309372137291 Traffic_Signal:0.0263772813093
42 Person_or_Vehicle Person_or_Vehicle NONE:0.00248255470906 Person_or_Vehicle:0.623210839416 Other:0.0141717464504 Building_or_Public_Space:0.308377703408 Road_or_Driveway:0.0425669207111 Traffic_Signal:0.00919023530623
43 Person_or_Vehicle Person_or_Vehicle NONE:0.00162273499296 Person_or_Vehicle:0.470203929489 Other:0.0203958031795 Building_or_Public_Space:0.214165870295 Road_or_Driveway:0.231845398295 Traffic_Signal:0.0617662637486
44 Traffic_Signal Traffic_Signal NONE:0.0114256843001 Person_or_Vehicle:0.253066049103 Other:0.0836950280908 Building_or_Public_Space:0.173923765402 Road_or_Driveway:0.204104293802 Traffic_Signal:0.273785179303
45 Person_or_Vehicle Person_or_Vehicle NONE:0.000163653533103 Person_or_Vehicle:0.54338578731 Other:0.109842953402 Building_or_Public_Space:0.184181135203 Road_or_Driveway:0.160595787003 Traffic_Signal:0.00183068354803
46 Person_or_Vehicle Person_or_Vehicle NONE:0.000365203531621 Person_or_Vehicle:0.769518600343 Other:0.0300756591817 Building_or_Public_Space:0.17497725631 Road_or_Driveway:0.0202179845111 Traffic_Signal:0.00484529612227
47 Person_or_Vehicle Building_or_Public_Space NONE:0.00122283715698 Person_or_Vehicle:0.258141301596 Other:0.061096256689 Building_or_Public_Space:0.443660571492 Road_or_Driveway:0.166049787597 Traffic_Signal:0.0698292454688
48 Building_or_Public_Space Person_or_Vehicle NONE:0.000816709725445 Person_or_Vehicle:0.440601185324 Other:0.0578266028832 Building_or_Public_Space:0.250330241414 Road_or_Driveway:0.222253454812 Traffic_Signal:0.0281718058415
49 Road_or_Driveway Building_or_Public_Space NONE:4.89941663492e-05 Person_or_Vehicle:0.126712086298 Other:0.0361005194694 Building_or_Public_Space:0.746887501288 Road_or_Driveway:0.0441735984793 Traffic_Signal:0.0460773002992
50 Building_or_Public_Space Person_or_Vehicle NONE:0.000301060289594 Person_or_Vehicle:0.772013776785 Other:0.052958729439 Building_or_Public_Space:0.115223009198 Road_or_Driveway:0.0442711641491 Traffic_Signal:0.0152322601397
51 Other Building_or_Public_Space NONE:0.000245258364733 Person_or_Vehicle:0.329499024645 Other:0.177934701024 Building_or_Public_Space:0.36700981005 Road_or_Driveway:0.112083970015 Traffic_Signal:0.0132272359018
52 Building_or_Public_Space Person_or_Vehicle NONE:0.00116405287801 Person_or_Vehicle:0.486428231106 Other:0.100330068801 Building_or_Public_Space:0.217023850003 Road_or_Driveway:0.168013348302 Traffic_Signal:0.0270404489103
53 Person_or_Vehicle Person_or_Vehicle NONE:0.000275761768595 Person_or_Vehicle:0.428499431192 Other:0.0685796519987 Building_or_Public_Space:0.258423715695 Road_or_Driveway:0.217064347996 Traffic_Signal:0.0271570913495
54 Person_or_Vehicle Person_or_Vehicle NONE:0.00023548223219 Person_or_Vehicle:0.748926685868 Other:0.0885037753463 Building_or_Public_Space:0.125430422295 Road_or_Driveway:0.0159339120893 Traffic_Signal:0.0209697221691
55 Person_or_Vehicle Other NONE:0.000367650183136 Person_or_Vehicle:0.240050072623 Other:0.369901079136 Building_or_Public_Space:0.323561229231 Road_or_Driveway:0.0263953033726 Traffic_Signal:0.0397246654538
56 Person_or_Vehicle Person_or_Vehicle NONE:0.00578066962012 Person_or_Vehicle:0.709726957214 Other:0.0239870103605 Building_or_Public_Space:0.225056267305 Road_or_Driveway:0.0212782312004 Traffic_Signal:0.0141708643003
57 Person_or_Vehicle Person_or_Vehicle NONE:0.000102806821605 Person_or_Vehicle:0.602894600529 Other:0.0606631136829 Building_or_Public_Space:0.263353982913 Road_or_Driveway:0.062387187383 Traffic_Signal:0.0105983086705
58 Building_or_Public_Space Building_or_Public_Space NONE:8.63649781958e-05 Person_or_Vehicle:0.158832207992 Other:0.0338697792884 Building_or_Public_Space:0.753600626164 Road_or_Driveway:0.040943582148 Traffic_Signal:0.0126674394294
59 Building_or_Public_Space Road_or_Driveway NONE:5.280530272e-06 Person_or_Vehicle:0.07047686476 Other:0.01383014288 Building_or_Public_Space:0.1620434406 Road_or_Driveway:0.7273711562 Traffic_Signal:0.02627311503
60 Person_or_Vehicle Person_or_Vehicle NONE:0.00168526280788 Person_or_Vehicle:0.559592457259 Other:0.122655487191 Building_or_Public_Space:0.234031919683 Road_or_Driveway:0.0739829669245 Traffic_Signal:0.0080519061354
61 Person_or_Vehicle Person_or_Vehicle NONE:0.000111619259994 Person_or_Vehicle:0.796711904455 Other:0.018579570589 Building_or_Public_Space:0.140665264692 Road_or_Driveway:0.0419028411777 Traffic_Signal:0.00202879982589
62 Building_or_Public_Space Building_or_Public_Space NONE:0.000259171180999 Person_or_Vehicle:0.391463038599 Other:0.0730790591398 Building_or_Public_Space:0.478422383799 Road_or_Driveway:0.0492081042499 Traffic_Signal:0.00756824303198
63 Person_or_Vehicle Person_or_Vehicle NONE:0.000114901686106 Person_or_Vehicle:0.820943573339 Other:0.0678832228433 Building_or_Public_Space:0.0911450262244 Road_or_Driveway:0.0168089402608 Traffic_Signal:0.00310433564615
64 Person_or_Vehicle Person_or_Vehicle NONE:0.00215013755915 Person_or_Vehicle:0.540232892838 Other:0.0489086623835 Building_or_Public_Space:0.227655815816 Road_or_Driveway:0.159445590311 Traffic_Signal:0.0216069010915
65 Person_or_Vehicle Person_or_Vehicle NONE:0.00144672231514 Person_or_Vehicle:0.533050929851 Other:0.0347564434233 Building_or_Public_Space:0.264977058525 Road_or_Driveway:0.127998834312 Traffic_Signal:0.0377700115736
66 Building_or_Public_Space Person_or_Vehicle NONE:0.00158840822599 Person_or_Vehicle:0.423845360597 Other:0.0272072947798 Building_or_Public_Space:0.176477204199 Road_or_Driveway:0.329673840398 Traffic_Signal:0.0412078917998
67 Person_or_Vehicle Person_or_Vehicle NONE:0.000281779603907 Person_or_Vehicle:0.533335796514 Other:0.0170084575504 Building_or_Public_Space:0.138487519604 Road_or_Driveway:0.286821694507 Traffic_Signal:0.0240647522206
68 Person_or_Vehicle Person_or_Vehicle NONE:6.07248102304e-06 Person_or_Vehicle:0.821469845105 Other:0.0565143480303 Building_or_Public_Space:0.0723048970304 Road_or_Driveway:0.0460013814303 Traffic_Signal:0.00370345592302
69 Other Person_or_Vehicle NONE:0.000481933250676 Person_or_Vehicle:0.607983591269 Other:0.110025583394 Building_or_Public_Space:0.178827755791 Road_or_Driveway:0.0869928811356 Traffic_Signal:0.0156882551592
70 Person_or_Vehicle Person_or_Vehicle NONE:0.00270391781916 Person_or_Vehicle:0.406043991125 Other:0.112081603507 Building_or_Public_Space:0.305148354319 Road_or_Driveway:0.146545998309 Traffic_Signal:0.0274761349217
71 Other Person_or_Vehicle NONE:0.00106398566901 Person_or_Vehicle:0.665968985307 Other:0.0589381692006 Building_or_Public_Space:0.115164052301 Road_or_Driveway:0.136739120402 Traffic_Signal:0.0221256871202
72 Person_or_Vehicle Building_or_Public_Space NONE:0.000933411534777 Person_or_Vehicle:0.38351221309 Other:0.0336766868892 Building_or_Public_Space:0.491863109788 Road_or_Driveway:0.0427367627689 Traffic_Signal:0.0472778159288
73 Building_or_Public_Space Road_or_Driveway NONE:0.000917260179736 Person_or_Vehicle:0.333518617377 Other:0.0110466600592 Building_or_Public_Space:0.177631510688 Road_or_Driveway:0.387432607673 Traffic_Signal:0.0894533440238
74 Person_or_Vehicle Person_or_Vehicle NONE:0.00185102330191 Person_or_Vehicle:0.734851118563 Other:0.0598508411969 Building_or_Public_Space:0.156916302692 Road_or_Driveway:0.0412101369979 Traffic_Signal:0.00532057724873
75 Person_or_Vehicle Person_or_Vehicle NONE:3.41097102267e-05 Person_or_Vehicle:0.485921658153 Other:0.0748004472527 Building_or_Public_Space:0.274559633773 Road_or_Driveway:0.155248718585 Traffic_Signal:0.00943543252608
76 Person_or_Vehicle Person_or_Vehicle NONE:0.000867464554253 Person_or_Vehicle:0.405688794078 Other:0.0485990859174 Building_or_Public_Space:0.381408947379 Road_or_Driveway:0.135287028093 Traffic_Signal:0.0281486799785
77 Road_or_Driveway Building_or_Public_Space NONE:0.000473935323722 Person_or_Vehicle:0.170395251608 Other:0.0499421690823 Building_or_Public_Space:0.467409151322 Road_or_Driveway:0.292691446314 Traffic_Signal:0.0190880463509
78 Person_or_Vehicle Person_or_Vehicle NONE:4.65477842085e-05 Person_or_Vehicle:0.617606860181 Other:0.0482858344985 Building_or_Public_Space:0.0893562281672 Road_or_Driveway:0.240745252292 Traffic_Signal:0.00395927707688
79 Person_or_Vehicle Person_or_Vehicle NONE:1.54283692594e-05 Person_or_Vehicle:0.922981488966 Other:0.0231622140291 Building_or_Public_Space:0.0435411748684 Road_or_Driveway:0.00892560951867 Traffic_Signal:0.00137408424895
80 Person_or_Vehicle Person_or_Vehicle NONE:7.03947958016e-05 Person_or_Vehicle:0.823268383518 Other:0.0408057893709 Building_or_Public_Space:0.106061341702 Road_or_Driveway:0.0268571613906 Traffic_Signal:0.00293692922207
81 Person_or_Vehicle Person_or_Vehicle NONE:0.000160154783591 Person_or_Vehicle:0.537085150371 Other:0.0640386866366 Building_or_Public_Space:0.314506399083 Road_or_Driveway:0.0714830100862 Traffic_Signal:0.0127265990393
82 Person_or_Vehicle Person_or_Vehicle NONE:5.21598885564e-06 Person_or_Vehicle:0.511373950165 Other:0.0539635565063 Building_or_Public_Space:0.362360295175 Road_or_Driveway:0.0625346470457 Traffic_Signal:0.00976233511933
83 Person_or_Vehicle Person_or_Vehicle NONE:0.000580291283745 Person_or_Vehicle:0.728088247656 Other:0.0502671349739 Building_or_Public_Space:0.13034574761 Road_or_Driveway:0.0813075217063 Traffic_Signal:0.00941105676973
84 Person_or_Vehicle Person_or_Vehicle NONE:0.000176049065092 Person_or_Vehicle:0.408827560782 Other:0.106651773195 Building_or_Public_Space:0.312975827286 Road_or_Driveway:0.146559495593 Traffic_Signal:0.0248092940789
85 Person_or_Vehicle Person_or_Vehicle NONE:0.0048104882029 Person_or_Vehicle:0.835108369083 Other:0.0181510636596 Building_or_Public_Space:0.120988984798 Road_or_Driveway:0.0195535595796 Traffic_Signal:0.00138753467697
86 Person_or_Vehicle Building_or_Public_Space NONE:2.54491054896e-05 Person_or_Vehicle:0.331982158395 Other:0.0759171698388 Building_or_Public_Space:0.347187177095 Road_or_Driveway:0.208109275197 Traffic_Signal:0.0367787703694
87 Person_or_Vehicle Building_or_Public_Space NONE:0.00765939596664 Person_or_Vehicle:0.352322242683 Other:0.0332386682584 Building_or_Public_Space:0.459509172478 Road_or_Driveway:0.127940877394 Traffic_Signal:0.0193296432191
88 Person_or_Vehicle Person_or_Vehicle NONE:0.00124836113604 Person_or_Vehicle:0.639217276222 Other:0.0316381102311 Building_or_Public_Space:0.261344248409 Road_or_Driveway:0.059341996612 Traffic_Signal:0.00721000739025
89 Person_or_Vehicle Person_or_Vehicle NONE:0.000202404306594 Person_or_Vehicle:0.480890514187 Other:0.152411704496 Building_or_Public_Space:0.231010886694 Road_or_Driveway:0.128383569596 Traffic_Signal:0.0071009207208
90 Person_or_Vehicle Person_or_Vehicle NONE:0.0124355955609 Person_or_Vehicle:0.394651665928 Other:0.14361099881 Building_or_Public_Space:0.267073712519 Road_or_Driveway:0.160687223111 Traffic_Signal:0.0215408040715
91 Person_or_Vehicle Person_or_Vehicle NONE:2.30495031601e-05 Person_or_Vehicle:0.723775053604 Other:0.0570231528903 Building_or_Public_Space:0.135963822501 Road_or_Driveway:0.0784139957905 Traffic_Signal:0.00480092571103
92 Person_or_Vehicle Person_or_Vehicle NONE:0.00150834849994 Person_or_Vehicle:0.49566482748 Other:0.131509057695 Building_or_Public_Space:0.230088296491 Road_or_Driveway:0.137854973994 Traffic_Signal:0.00337449584086
93 Person_or_Vehicle Person_or_Vehicle NONE:0.000399046311004 Person_or_Vehicle:0.666708909006 Other:0.0380763417403 Building_or_Public_Space:0.172652493702 Road_or_Driveway:0.106740385601 Traffic_Signal:0.0154228236401
94 Person_or_Vehicle Person_or_Vehicle NONE:0.000354282750996 Person_or_Vehicle:0.512767723394 Other:0.090740758909 Building_or_Public_Space:0.192204740198 Road_or_Driveway:0.195881663598 Traffic_Signal:0.00805083114991
95 Person_or_Vehicle Person_or_Vehicle NONE:7.43588268903e-05 Person_or_Vehicle:0.801071997703 Other:0.0190820604901 Building_or_Public_Space:0.135997775001 Road_or_Driveway:0.0418567362302 Traffic_Signal:0.00191707174901
96 Person_or_Vehicle Person_or_Vehicle NONE:6.18380915389e-05 Person_or_Vehicle:0.855641873085 Other:0.0247865212096 Building_or_Public_Space:0.0904634593184 Road_or_Driveway:0.0262881175595 Traffic_Signal:0.00275819073595
97 Person_or_Vehicle Person_or_Vehicle NONE:1.88958269191e-05 Person_or_Vehicle:0.850586901061 Other:0.022616451629 Building_or_Public_Space:0.0905117081058 Road_or_Driveway:0.0328632190385 Traffic_Signal:0.00340282433884
98 Person_or_Vehicle Person_or_Vehicle NONE:0.00178374228524 Person_or_Vehicle:0.318471272543 Other:0.0193120312826 Building_or_Public_Space:0.265486678736 Road_or_Driveway:0.192012951026 Traffic_Signal:0.202933324127
99 Building_or_Public_Space Other NONE:0.000706840429971 Person_or_Vehicle:0.268248791527 Other:0.40217098944 Building_or_Public_Space:0.111238169211 Road_or_Driveway:0.179710469018 Traffic_Signal:0.0379247403738
100 Road_or_Driveway Building_or_Public_Space NONE:0.000364237173735 Person_or_Vehicle:0.299208531429 Other:0.119064257311 Building_or_Public_Space:0.501255212448 Road_or_Driveway:0.0544926390052 Traffic_Signal:0.0256151226325
101 Person_or_Vehicle Person_or_Vehicle NONE:8.41739227225e-05 Person_or_Vehicle:0.735402764422 Other:0.0220044399807 Building_or_Public_Space:0.218627747907 Road_or_Driveway:0.00594797418718 Traffic_Signal:0.0179328995805
102 Person_or_Vehicle Building_or_Public_Space NONE:1.02099467699e-05 Person_or_Vehicle:0.0834993277394 Other:0.0186277637399 Building_or_Public_Space:0.527553758896 Road_or_Driveway:0.282911892198 Traffic_Signal:0.0873970474794
103 Building_or_Public_Space Person_or_Vehicle NONE:0.001173423046 Person_or_Vehicle:0.867737525497 Other:0.0246105550199 Building_or_Public_Space:0.0897184455897 Road_or_Driveway:0.01571620807 Traffic_Signal:0.001043842777
104 Person_or_Vehicle Person_or_Vehicle NONE:0.000111876656 Person_or_Vehicle:0.758040072702 Other:0.1635248527 Building_or_Public_Space:0.0629976279702 Road_or_Driveway:0.01033244805 Traffic_Signal:0.00499312192101
105 Other Person_or_Vehicle NONE:0.000262455200303 Person_or_Vehicle:0.753710379807 Other:0.0876002384408 Building_or_Public_Space:0.131996443901 Road_or_Driveway:0.0151308255301 Traffic_Signal:0.0112996571201
106 Person_or_Vehicle Person_or_Vehicle NONE:0.00017663036849 Person_or_Vehicle:0.385971554277 Other:0.196166118389 Building_or_Public_Space:0.210558795988 Road_or_Driveway:0.195958825189 Traffic_Signal:0.0111680757893
107 Person_or_Vehicle Person_or_Vehicle NONE:0.000207927854792 Person_or_Vehicle:0.551651272879 Other:0.0296792237389 Building_or_Public_Space:0.374194967986 Road_or_Driveway:0.0406022426185 Traffic_Signal:0.00366436492286
108 Person_or_Vehicle Building_or_Public_Space NONE:0.000231300997414 Person_or_Vehicle:0.351967599822 Other:0.0527595297133 Building_or_Public_Space:0.440632350428 Road_or_Driveway:0.129242323608 Traffic_Signal:0.0251668954316
109 Building_or_Public_Space Building_or_Public_Space NONE:2.90802472994e-05 Person_or_Vehicle:0.432366681391 Other:0.0434212377691 Building_or_Public_Space:0.441369703091 Road_or_Driveway:0.0758259174485 Traffic_Signal:0.00698738005286
110 Building_or_Public_Space Building_or_Public_Space NONE:0.00104720859199 Person_or_Vehicle:0.181147414098 Other:0.0457964603495 Building_or_Public_Space:0.581440400293 Road_or_Driveway:0.142117331898 Traffic_Signal:0.0484511847694
111 Person_or_Vehicle Person_or_Vehicle NONE:0.000494757354083 Person_or_Vehicle:0.320558141689 Other:0.0898255923669 Building_or_Public_Space:0.29944264349 Road_or_Driveway:0.261074809791 Traffic_Signal:0.028604055309
112 Road_or_Driveway Building_or_Public_Space NONE:0.000784445068186 Person_or_Vehicle:0.110156811898 Other:0.0521416834291 Building_or_Public_Space:0.52401413029 Road_or_Driveway:0.223167378596 Traffic_Signal:0.0897355507184
113 Road_or_Driveway Person_or_Vehicle NONE:0.000276065546704 Person_or_Vehicle:0.528189218307 Other:0.0400392123305 Building_or_Public_Space:0.164028525102 Road_or_Driveway:0.251283213803 Traffic_Signal:0.0161837649102
114 Person_or_Vehicle Person_or_Vehicle NONE:0.00126890579699 Person_or_Vehicle:0.699903996195 Other:0.0163773744299 Building_or_Public_Space:0.177417270099 Road_or_Driveway:0.0848595815094 Traffic_Signal:0.0201728719699
115 Person_or_Vehicle Person_or_Vehicle NONE:0.000429686678305 Person_or_Vehicle:0.391173743505 Other:0.0497134657706 Building_or_Public_Space:0.258072086703 Road_or_Driveway:0.269872852003 Traffic_Signal:0.0307381653404
116 Person_or_Vehicle Person_or_Vehicle NONE:0.000582754986267 Person_or_Vehicle:0.546844806969 Other:0.0497505111672 Building_or_Public_Space:0.158210397191 Road_or_Driveway:0.112344656594 Traffic_Signal:0.132266873093
117 Building_or_Public_Space Person_or_Vehicle NONE:0.00628763736689 Person_or_Vehicle:0.379387703094 Other:0.0487894921092 Building_or_Public_Space:0.227439507996 Road_or_Driveway:0.238137863896 Traffic_Signal:0.0999577955383
118 Traffic_Signal Traffic_Signal NONE:0.000281125889103 Person_or_Vehicle:0.0367973438104 Other:0.0167713236502 Building_or_Public_Space:0.0282648142403 Road_or_Driveway:0.100569433801 Traffic_Signal:0.817315958609
119 Building_or_Public_Space Person_or_Vehicle NONE:0.000551949449595 Person_or_Vehicle:0.397559114796 Other:0.0634880021694 Building_or_Public_Space:0.235443228498 Road_or_Driveway:0.259043014598 Traffic_Signal:0.0439146904896
120 Person_or_Vehicle Building_or_Public_Space NONE:0.000125926868406 Person_or_Vehicle:0.310026241316 Other:0.0678028860135 Building_or_Public_Space:0.458506918624 Road_or_Driveway:0.144131028307 Traffic_Signal:0.019406998871
121 Building_or_Public_Space Building_or_Public_Space NONE:0.00206839613027 Person_or_Vehicle:0.23005156753 Other:0.0790279275803 Building_or_Public_Space:0.493449222664 Road_or_Driveway:0.170110398522 Traffic_Signal:0.0252924875733
122 Building_or_Public_Space Building_or_Public_Space NONE:0.0304923928294 Person_or_Vehicle:0.154816646497 Other:0.0384742068892 Building_or_Public_Space:0.411947647892 Road_or_Driveway:0.226401618895 Traffic_Signal:0.137867486997
123 Person_or_Vehicle Person_or_Vehicle NONE:0.00123518045594 Person_or_Vehicle:0.524163578976 Other:0.0286878090887 Building_or_Public_Space:0.21172770569 Road_or_Driveway:0.126588196794 Traffic_Signal:0.107597528995
124 Person_or_Vehicle Road_or_Driveway NONE:0.00319030597505 Person_or_Vehicle:0.263234964004 Other:0.131828300302 Building_or_Public_Space:0.124426322502 Road_or_Driveway:0.462574859007 Traffic_Signal:0.0147452482102
125 Person_or_Vehicle Person_or_Vehicle NONE:0.000102000855991 Person_or_Vehicle:0.668294228443 Other:0.047035530186 Building_or_Public_Space:0.161941577786 Road_or_Driveway:0.0874097522225 Traffic_Signal:0.035216910507
126 Building_or_Public_Space Building_or_Public_Space NONE:0.000902286018256 Person_or_Vehicle:0.274016411017 Other:0.0244702406115 Building_or_Public_Space:0.597565043837 Road_or_Driveway:0.0908849059956 Traffic_Signal:0.0121611125208
127 Building_or_Public_Space Person_or_Vehicle NONE:0.00232683526608 Person_or_Vehicle:0.829222436528 Other:0.0550752892719 Building_or_Public_Space:0.0562370145119 Road_or_Driveway:0.0455769621915 Traffic_Signal:0.0115614622304
128 Person_or_Vehicle Person_or_Vehicle NONE:0.00107947755603 Person_or_Vehicle:0.841216238326 Other:0.0872787538127 Building_or_Public_Space:0.0305410565209 Road_or_Driveway:0.0305303672009 Traffic_Signal:0.00935410658329
129 Other Building_or_Public_Space NONE:0.000182561878012 Person_or_Vehicle:0.118049517108 Other:0.0250623468317 Building_or_Public_Space:0.807466887954 Road_or_Driveway:0.0459001073831 Traffic_Signal:0.00333857884522
130 Person_or_Vehicle Building_or_Public_Space NONE:8.01013523714e-05 Person_or_Vehicle:0.334583647706 Other:0.0517895171409 Building_or_Public_Space:0.440824058408 Road_or_Driveway:0.153789398503 Traffic_Signal:0.0189332768903
131 Person_or_Vehicle Person_or_Vehicle NONE:0.00131818040497 Person_or_Vehicle:0.722543293382 Other:0.038606210979 Building_or_Public_Space:0.166191043096 Road_or_Driveway:0.039793466969 Traffic_Signal:0.0315478051692
132 Person_or_Vehicle Road_or_Driveway NONE:0.000144333207797 Person_or_Vehicle:0.290915650793 Other:0.00969140133478 Building_or_Public_Space:0.159359393196 Road_or_Driveway:0.520543941588 Traffic_Signal:0.0193452798796
133 Road_or_Driveway Person_or_Vehicle NONE:0.00327087662109 Person_or_Vehicle:0.401887114312 Other:0.0546070199316 Building_or_Public_Space:0.278642048808 Road_or_Driveway:0.246518503807 Traffic_Signal:0.0150744365204
134 Building_or_Public_Space Person_or_Vehicle NONE:0.0535947361773 Person_or_Vehicle:0.656265225967 Other:0.059398342847 Building_or_Public_Space:0.109999141995 Road_or_Driveway:0.104001133795 Traffic_Signal:0.0167414192192
135 Building_or_Public_Space Building_or_Public_Space NONE:0.00100702545198 Person_or_Vehicle:0.287418499694 Other:0.0382714533792 Building_or_Public_Space:0.582050401987 Road_or_Driveway:0.0656502247186 Traffic_Signal:0.0256023947694
136 Person_or_Vehicle Building_or_Public_Space NONE:0.000728170663668 Person_or_Vehicle:0.104481328695 Other:0.0326306671386 Building_or_Public_Space:0.716877026969 Road_or_Driveway:0.108045449195 Traffic_Signal:0.0372373573384
137 Person_or_Vehicle Person_or_Vehicle NONE:0.000926147636612 Person_or_Vehicle:0.401766904205 Other:0.0278097137904 Building_or_Public_Space:0.304641585104 Road_or_Driveway:0.197995078703 Traffic_Signal:0.0668605705609
138 Building_or_Public_Space Person_or_Vehicle NONE:0.000338740612182 Person_or_Vehicle:0.519135188073 Other:0.037905507638 Building_or_Public_Space:0.317288822283 Road_or_Driveway:0.103252980395 Traffic_Signal:0.0220787609988
139 Building_or_Public_Space Person_or_Vehicle NONE:0.00067152735549 Person_or_Vehicle:0.585694063691 Other:0.0250407672796 Building_or_Public_Space:0.256890549096 Road_or_Driveway:0.117428700198 Traffic_Signal:0.0142743923798
140 Person_or_Vehicle Road_or_Driveway NONE:0.000393000476245 Person_or_Vehicle:0.346649906839 Other:0.0273055647331 Building_or_Public_Space:0.119957560514 Road_or_Driveway:0.455432762552 Traffic_Signal:0.0502612048857
141 Road_or_Driveway Person_or_Vehicle NONE:0.000981285066917 Person_or_Vehicle:0.423490372307 Other:0.316598428005 Building_or_Public_Space:0.108513521302 Road_or_Driveway:0.144791780102 Traffic_Signal:0.0056246132161
142 Person_or_Vehicle Building_or_Public_Space NONE:0.000109256298197 Person_or_Vehicle:0.282310966793 Other:0.0280910055293 Building_or_Public_Space:0.351180067392 Road_or_Driveway:0.334033728692 Traffic_Signal:0.0042749752959
143 Person_or_Vehicle Person_or_Vehicle NONE:2.30860813915e-05 Person_or_Vehicle:0.617534477041 Other:0.0426826221828 Building_or_Public_Space:0.15305390691 Road_or_Driveway:0.181338551312 Traffic_Signal:0.00536735647236
144 Road_or_Driveway Road_or_Driveway NONE:4.83347847488e-05 Person_or_Vehicle:0.195892178695 Other:0.0360505795191 Building_or_Public_Space:0.136079896897 Road_or_Driveway:0.619957060485 Traffic_Signal:0.0119719496197
145 Road_or_Driveway Person_or_Vehicle NONE:0.000373303265024 Person_or_Vehicle:0.416888527227 Other:0.0437138519728 Building_or_Public_Space:0.112399331007 Road_or_Driveway:0.413670021127 Traffic_Signal:0.0129549654008
146 Person_or_Vehicle Road_or_Driveway NONE:0.00170747254103 Person_or_Vehicle:0.207460947604 Other:0.0885615839517 Building_or_Public_Space:0.160410854803 Road_or_Driveway:0.51421178441 Traffic_Signal:0.0276473566905
147 Road_or_Driveway Road_or_Driveway NONE:0.000347619961602 Person_or_Vehicle:0.0865596194804 Other:0.133598766301 Building_or_Public_Space:0.338433843601 Road_or_Driveway:0.434098322702 Traffic_Signal:0.00696182795403
148 Person_or_Vehicle Person_or_Vehicle NONE:0.000791413115592 Person_or_Vehicle:0.511438704795 Other:0.125555689899 Building_or_Public_Space:0.264266014197 Road_or_Driveway:0.0897545409791 Traffic_Signal:0.00819363701392
149 Person_or_Vehicle Person_or_Vehicle NONE:0.000944302619329 Person_or_Vehicle:0.766279084024 Other:0.0155117123205 Building_or_Public_Space:0.138904249804 Road_or_Driveway:0.0455997694014 Traffic_Signal:0.032760881831
150 Person_or_Vehicle Person_or_Vehicle NONE:0.00298100103499 Person_or_Vehicle:0.562673765297 Other:0.163754475799 Building_or_Public_Space:0.128732940699 Road_or_Driveway:0.127710926299 Traffic_Signal:0.0141468908699
151 Person_or_Vehicle Person_or_Vehicle NONE:0.000960435394048 Person_or_Vehicle:0.461646072875 Other:0.204339464389 Building_or_Public_Space:0.300443225284 Road_or_Driveway:0.018757962829 Traffic_Signal:0.0138528392293
152 Person_or_Vehicle Building_or_Public_Space NONE:7.81675099108e-05 Person_or_Vehicle:0.278928203003 Other:0.0427838864404 Building_or_Public_Space:0.353656294504 Road_or_Driveway:0.240972631202 Traffic_Signal:0.0835808173408
153 Building_or_Public_Space Person_or_Vehicle NONE:5.87953288979e-05 Person_or_Vehicle:0.827219636971 Other:0.0109251976796 Building_or_Public_Space:0.121042705296 Road_or_Driveway:0.0337953734588 Traffic_Signal:0.00695829126576
154 Building_or_Public_Space Building_or_Public_Space NONE:0.000192395177893 Person_or_Vehicle:0.140536534595 Other:0.0666155591577 Building_or_Public_Space:0.642646716078 Road_or_Driveway:0.144297870795 Traffic_Signal:0.00571092419581
155 Person_or_Vehicle Person_or_Vehicle NONE:0.0002593455261 Person_or_Vehicle:0.760699850699 Other:0.02976084989 Building_or_Public_Space:0.1430921287 Road_or_Driveway:0.0636660697899 Traffic_Signal:0.002521755395
156 Person_or_Vehicle Person_or_Vehicle NONE:0.00246255395409 Person_or_Vehicle:0.414292720015 Other:0.0507142015918 Building_or_Public_Space:0.28095670791 Road_or_Driveway:0.199122848107 Traffic_Signal:0.0524509684219
157 Road_or_Driveway Person_or_Vehicle NONE:0.000693914601357 Person_or_Vehicle:0.377932711877 Other:0.133031609392 Building_or_Public_Space:0.236284146585 Road_or_Driveway:0.241901003585 Traffic_Signal:0.0101566139594
158 Road_or_Driveway Person_or_Vehicle NONE:0.000193506034209 Person_or_Vehicle:0.477398338822 Other:0.066159044293 Building_or_Public_Space:0.327035603915 Road_or_Driveway:0.105720172805 Traffic_Signal:0.0234933341311
159 Person_or_Vehicle Person_or_Vehicle NONE:0.000215230446388 Person_or_Vehicle:0.53415354487 Other:0.0829559911353 Building_or_Public_Space:0.18167489849 Road_or_Driveway:0.144349141292 Traffic_Signal:0.0566511937668
160 Building_or_Public_Space Person_or_Vehicle NONE:8.17852984767e-05 Person_or_Vehicle:0.887544839864 Other:0.0170989645993 Building_or_Public_Space:0.0785939106568 Road_or_Driveway:0.0120534211495 Traffic_Signal:0.00462707843181
161 Building_or_Public_Space Person_or_Vehicle NONE:0.000208118471479 Person_or_Vehicle:0.680687911731 Other:0.130451206387 Building_or_Public_Space:0.133052106986 Road_or_Driveway:0.0353503310264 Traffic_Signal:0.0202503253979
162 Person_or_Vehicle Person_or_Vehicle NONE:0.000221870068805 Person_or_Vehicle:0.740933255216 Other:0.0318323761607 Building_or_Public_Space:0.198346096704 Road_or_Driveway:0.0244847589005 Traffic_Signal:0.00418164294909
163 Building_or_Public_Space Person_or_Vehicle NONE:0.000395176472091 Person_or_Vehicle:0.656494826485 Other:0.0469428510989 Building_or_Public_Space:0.252432368594 Road_or_Driveway:0.041179379519 Traffic_Signal:0.00255539783094
164 Person_or_Vehicle Person_or_Vehicle NONE:0.000311710047719 Person_or_Vehicle:0.421256415626 Other:0.0775905085348 Building_or_Public_Space:0.247602753115 Road_or_Driveway:0.219477589914 Traffic_Signal:0.0337610227621
165 Road_or_Driveway Person_or_Vehicle NONE:0.00944597404811 Person_or_Vehicle:0.407991243905 Other:0.0444724337505 Building_or_Public_Space:0.394867425905 Road_or_Driveway:0.121404230001 Traffic_Signal:0.0218186923903
166 Building_or_Public_Space Building_or_Public_Space NONE:0.000495520729376 Person_or_Vehicle:0.269320750887 Other:0.0416615062879 Building_or_Public_Space:0.41268622408 Road_or_Driveway:0.231817915289 Traffic_Signal:0.0440180827278
167 Building_or_Public_Space Person_or_Vehicle NONE:5.55130567091e-05 Person_or_Vehicle:0.388427051194 Other:0.270417887095 Building_or_Public_Space:0.151015922097 Road_or_Driveway:0.175686010497 Traffic_Signal:0.0143976160598
168 Other Other NONE:0.0001708502703 Person_or_Vehicle:0.1490295679 Other:0.6089631723 Building_or_Public_Space:0.1112239397 Road_or_Driveway:0.1198473773 Traffic_Signal:0.01076509253
169 Other Road_or_Driveway NONE:0.00150934997009 Person_or_Vehicle:0.240072708714 Other:0.156326061909 Building_or_Public_Space:0.200763449512 Road_or_Driveway:0.373099460422 Traffic_Signal:0.0282289694717
170 Other Person_or_Vehicle NONE:0.00038053251203 Person_or_Vehicle:0.425847824433 Other:0.0396730592531 Building_or_Public_Space:0.316643237825 Road_or_Driveway:0.168384750613 Traffic_Signal:0.0490705953638
171 Road_or_Driveway Person_or_Vehicle NONE:0.000402988448319 Person_or_Vehicle:0.704843002333 Other:0.0831151516939 Building_or_Public_Space:0.146736945007 Road_or_Driveway:0.0599803108628 Traffic_Signal:0.00492160165523
172 Person_or_Vehicle Person_or_Vehicle NONE:0.000239656150989 Person_or_Vehicle:0.432217056381 Other:0.245502346489 Building_or_Public_Space:0.194316041491 Road_or_Driveway:0.123747550195 Traffic_Signal:0.00397734929282
173 Person_or_Vehicle Person_or_Vehicle NONE:0.000316628497911 Person_or_Vehicle:0.364637418113 Other:0.118380167404 Building_or_Public_Space:0.323948077711 Road_or_Driveway:0.186783778507 Traffic_Signal:0.00593392976721
174 Person_or_Vehicle Building_or_Public_Space NONE:5.08566736463e-05 Person_or_Vehicle:0.162476786088 Other:0.00648653553353 Building_or_Public_Space:0.796808004542 Road_or_Driveway:0.0283045735679 Traffic_Signal:0.00587324359457
175 Person_or_Vehicle Building_or_Public_Space NONE:4.03867482281e-05 Person_or_Vehicle:0.324948818484 Other:0.0290660233386 Building_or_Public_Space:0.61693473427 Road_or_Driveway:0.0270289845787 Traffic_Signal:0.0019810525799
176 Person_or_Vehicle Person_or_Vehicle NONE:0.00114594457998 Person_or_Vehicle:0.51784713059 Other:0.196400270296 Building_or_Public_Space:0.256681364495 Road_or_Driveway:0.0175960440996 Traffic_Signal:0.0103292459398
177 Building_or_Public_Space Person_or_Vehicle NONE:0.00605684508169 Person_or_Vehicle:0.452592845676 Other:0.0297411697185 Building_or_Public_Space:0.324558906483 Road_or_Driveway:0.0864197264455 Traffic_Signal:0.100630506595
178 Person_or_Vehicle Person_or_Vehicle NONE:0.000552429866352 Person_or_Vehicle:0.492979556746 Other:0.0409465583038 Building_or_Public_Space:0.182133366217 Road_or_Driveway:0.256169556024 Traffic_Signal:0.0272185328426
