0 NONE Person_or_Vehicle NONE:0.000412502845998 Person_or_Vehicle:0.604162232496 Other:0.0398129311798 Building_or_Public_Space:0.266852437698 Road_or_Driveway:0.0746790061996 Traffic_Signal:0.0140808895799
1 Person_or_Vehicle Person_or_Vehicle NONE:0.0 Person_or_Vehicle:1.0 Other:0.0 Building_or_Public_Space:0.0 Road_or_Driveway:0.0 Traffic_Signal:0.0
2 Person_or_Vehicle Person_or_Vehicle NONE:0.0 Person_or_Vehicle:0.756646971382 Other:0.0247552161262 Building_or_Public_Space:0.200417912721 Road_or_Driveway:0.0181798997705 Traffic_Signal:0.0
3 Person_or_Vehicle Building_or_Public_Space NONE:0.0 Person_or_Vehicle:0.263732189852 Other:0.0294117248458 Building_or_Public_Space:0.657161411612 Road_or_Driveway:0.0496946736904 Traffic_Signal:0.0
4 Other Person_or_Vehicle NONE:0.0 Person_or_Vehicle:0.71624824044 Other:0.0220466956014 Building_or_Public_Space:0.227939103696 Road_or_Driveway:0.0337659602623 Traffic_Signal:0.0
5 Person_or_Vehicle Person_or_Vehicle NONE:0.0 Person_or_Vehicle:0.691134836977 Other:0.0658471540948 Building_or_Public_Space:0.194794343795 Road_or_Driveway:0.0428601001436 Traffic_Signal:0.00536356499045
6 Building_or_Public_Space Building_or_Public_Space NONE:0.0 Person_or_Vehicle:0.160503104217 Other:0.00652359380519 Building_or_Public_Space:0.802892372566 Road_or_Driveway:0.0300809294116 Traffic_Signal:0.0
7 Building_or_Public_Space Building_or_Public_Space NONE:0.0 Person_or_Vehicle:0.376710333691 Other:0.00431230354709 Building_or_Public_Space:0.492695642696 Road_or_Driveway:0.110630016164 Traffic_Signal:0.0156517039028
8 Building_or_Public_Space Person_or_Vehicle NONE:0.0 Person_or_Vehicle:0.774442202067 Other:0.0015994080906 Building_or_Public_Space:0.195019847834 Road_or_Driveway:0.0265051125196 Traffic_Signal:0.00243342948907
9 Person_or_Vehicle Building_or_Public_Space NONE:0.0 Person_or_Vehicle:0.341166075689 Other:0.0068741721467 Building_or_Public_Space:0.642487645693 Road_or_Driveway:0.00482393707853 Traffic_Signal:0.00464816939237
10 Building_or_Public_Space Person_or_Vehicle NONE:0.0 Person_or_Vehicle:0.760824845463 Other:0.00285191534014 Building_or_Public_Space:0.221738660228 Road_or_Driveway:0.0145845789683 Traffic_Signal:0.0
11 Person_or_Vehicle Person_or_Vehicle NONE:0.0 Person_or_Vehicle:0.706210313507 Other:0.00371161981698 Building_or_Public_Space:0.26249524007 Road_or_Driveway:0.0233193554919 Traffic_Signal:0.00426347111403
12 Person_or_Vehicle Person_or_Vehicle NONE:0.0 Person_or_Vehicle:0.882366095067 Other:0.0074506780508 Building_or_Public_Space:0.101030272636 Road_or_Driveway:0.00915295424626 Traffic_Signal:0.0
13 Person_or_Vehicle Person_or_Vehicle NONE:0.0 Person_or_Vehicle:0.882328222188 Other:0.0110611298553 Building_or_Public_Space:0.092790707316 Road_or_Driveway:0.0138199406408 Traffic_Signal:0.0
14 Person_or_Vehicle Person_or_Vehicle NONE:0.0 Person_or_Vehicle:0.67717281401 Other:0.00779281556323 Building_or_Public_Space:0.290264370677 Road_or_Driveway:0.0247699997492 Traffic_Signal:0.0
15 Building_or_Public_Space Building_or_Public_Space NONE:0.0 Person_or_Vehicle:0.156527891559 Other:0.00868191700963 Building_or_Public_Space:0.791221584964 Road_or_Driveway:0.0435686064677 Traffic_Signal:0.0
16 Building_or_Public_Space Building_or_Public_Space NONE:0.0 Person_or_Vehicle:0.0132166812931 Other:0.000991080905415 Building_or_Public_Space:0.961916427384 Road_or_Driveway:0.0229947307426 Traffic_Signal:0.000881079674706
17 Building_or_Public_Space Person_or_Vehicle NONE:0.0 Person_or_Vehicle:0.878928616362 Other:0.00184885186326 Building_or_Public_Space:0.0967606713218 Road_or_Driveway:0.0222083091859 Traffic_Signal:0.000253551266951
18 Building_or_Public_Space Building_or_Public_Space NONE:0.0 Person_or_Vehicle:0.162333557681 Other:0.00317294659234 Building_or_Public_Space:0.819928575099 Road_or_Driveway:0.0127427539251 Traffic_Signal:0.0018221667027
19 Building_or_Public_Space Person_or_Vehicle NONE:0.0 Person_or_Vehicle:0.84165743583 Other:0.00578257297231 Building_or_Public_Space:0.124998076681 Road_or_Driveway:0.0268283873726 Traffic_Signal:0.000733527144254
20 Person_or_Vehicle Building_or_Public_Space NONE:0.0 Person_or_Vehicle:0.220021275497 Other:0.00466609952622 Building_or_Public_Space:0.757262962979 Road_or_Driveway:0.0175430544136 Traffic_Signal:0.000506607584684
21 Road_or_Driveway Person_or_Vehicle NONE:0.0 Person_or_Vehicle:0.796975798017 Other:0.00454881566607 Building_or_Public_Space:0.161016462592 Road_or_Driveway:0.0374589237251 Traffic_Signal:0.0
22 Road_or_Driveway Building_or_Public_Space NONE:0.0 Person_or_Vehicle:0.374875573606 Other:0.0101399216636 Building_or_Public_Space:0.427375101516 Road_or_Driveway:0.186267647285 Traffic_Signal:0.00134175592973
23 Person_or_Vehicle Person_or_Vehicle NONE:0.0 Person_or_Vehicle:0.838612102698 Other:0.0109441240968 Building_or_Public_Space:0.0795600223918 Road_or_Driveway:0.0671620266694 Traffic_Signal:0.00372172414422
24 Person_or_Vehicle Person_or_Vehicle NONE:0.0 Person_or_Vehicle:0.985888571443 Other:0.00188020261531 Building_or_Public_Space:0.00515432562942 Road_or_Driveway:0.00707690031224 Traffic_Signal:0.0
25 Person_or_Vehicle Person_or_Vehicle NONE:0.0 Person_or_Vehicle:0.97516743256 Other:0.00380921152786 Building_or_Public_Space:0.0151694852648 Road_or_Driveway:0.00585387064777 Traffic_Signal:0.0
26 Person_or_Vehicle Person_or_Vehicle NONE:0.0 Person_or_Vehicle:0.880397631694 Other:0.0138030046015 Building_or_Public_Space:0.0796243467672 Road_or_Driveway:0.0261750169376 Traffic_Signal:0.0
27 Person_or_Vehicle Person_or_Vehicle NONE:0.0 Person_or_Vehicle:0.814270006456 Other:0.00883405947475 Building_or_Public_Space:0.168351453013 Road_or_Driveway:0.00854448105696 Traffic_Signal:0.0
28 Person_or_Vehicle Person_or_Vehicle NONE:0.0 Person_or_Vehicle:0.784679754323 Other:0.00833667707174 Building_or_Public_Space:0.157282578578 Road_or_Driveway:0.0497009900267 Traffic_Signal:0.0
29 Road_or_Driveway Building_or_Public_Space NONE:0.0 Person_or_Vehicle:0.360055103707 Other:0.00251542009951 Building_or_Public_Space:0.608351079847 Road_or_Driveway:0.0290783963458 Traffic_Signal:0.0
30 Building_or_Public_Space Person_or_Vehicle NONE:0.0 Person_or_Vehicle:0.645653668592 Other:0.0466226380816 Building_or_Public_Space:0.234384319881 Road_or_Driveway:0.0704393932012 Traffic_Signal:0.00289998024404
31 Other Building_or_Public_Space NONE:0.0 Person_or_Vehicle:0.0446958440434 Other:0.00228723221966 Building_or_Public_Space:0.88632066374 Road_or_Driveway:0.0656901647441 Traffic_Signal:0.00100609525293
32 Building_or_Public_Space Person_or_Vehicle NONE:0.0 Person_or_Vehicle:0.364191720733 Other:0.260329417644 Building_or_Public_Space:0.249850295625 Road_or_Driveway:0.118973832881 Traffic_Signal:0.00665473311654
33 Building_or_Public_Space Building_or_Public_Space NONE:0.0 Person_or_Vehicle:0.236460237748 Other:0.00197036029465 Building_or_Public_Space:0.742412676958 Road_or_Driveway:0.0187127515038 Traffic_Signal:0.000443973496052
34 Building_or_Public_Space Person_or_Vehicle NONE:0.0 Person_or_Vehicle:0.445260878121 Other:0.00429905770306 Building_or_Public_Space:0.328168956321 Road_or_Driveway:0.218106217609 Traffic_Signal:0.00416489024561
35 Traffic_Signal Person_or_Vehicle NONE:0.0 Person_or_Vehicle:0.689373980427 Other:0.00519945742517 Building_or_Public_Space:0.239599890611 Road_or_Driveway:0.0650096188186 Traffic_Signal:0.000817052717791
36 Person_or_Vehicle Person_or_Vehicle NONE:0.0 Person_or_Vehicle:0.919070147654 Other:0.0 Building_or_Public_Space:0.0729372393714 Road_or_Driveway:0.00724073160429 Traffic_Signal:0.000751881370632
37 Person_or_Vehicle Person_or_Vehicle NONE:0.0 Person_or_Vehicle:0.959570965758 Other:0.0023305042699 Building_or_Public_Space:0.0347923046657 Road_or_Driveway:0.00330622530614 Traffic_Signal:0.0
38 Person_or_Vehicle Person_or_Vehicle NONE:0.0 Person_or_Vehicle:0.936746334688 Other:0.00219843565366 Building_or_Public_Space:0.0535241013578 Road_or_Driveway:0.00753112830084 Traffic_Signal:0.0
39 Person_or_Vehicle Person_or_Vehicle NONE:0.0 Person_or_Vehicle:0.870803361396 Other:0.00361880871343 Building_or_Public_Space:0.11824253667 Road_or_Driveway:0.00733529322067 Traffic_Signal:0.0
40 Person_or_Vehicle Road_or_Driveway NONE:0.0 Person_or_Vehicle:0.273778850505 Other:0.0551575213932 Building_or_Public_Space:0.274825846155 Road_or_Driveway:0.396237781947 Traffic_Signal:0.0
41 Building_or_Public_Space Person_or_Vehicle NONE:0.0 Person_or_Vehicle:0.69327707845 Other:0.0104633143619 Building_or_Public_Space:0.222297226491 Road_or_Driveway:0.0739623806969 Traffic_Signal:0.0
42 Person_or_Vehicle Person_or_Vehicle NONE:0.0 Person_or_Vehicle:0.644000152288 Other:0.000903986576608 Building_or_Public_Space:0.338335468253 Road_or_Driveway:0.0162914263975 Traffic_Signal:0.000468966484598
43 Person_or_Vehicle Person_or_Vehicle NONE:0.0 Person_or_Vehicle:0.779218576123 Other:0.00271120853336 Building_or_Public_Space:0.170814063066 Road_or_Driveway:0.0472561522772 Traffic_Signal:0.0
44 Traffic_Signal Person_or_Vehicle NONE:0.0 Person_or_Vehicle:0.686579035283 Other:0.0182140020007 Building_or_Public_Space:0.22709935464 Road_or_Driveway:0.0681076080758 Traffic_Signal:0.0
45 Person_or_Vehicle Person_or_Vehicle NONE:0.0 Person_or_Vehicle:0.707373736413 Other:0.0 Building_or_Public_Space:0.239765008265 Road_or_Driveway:0.0522654643153 Traffic_Signal:0.000595791006962
46 Person_or_Vehicle Person_or_Vehicle NONE:0.0 Person_or_Vehicle:0.896215376258 Other:0.00280968408176 Building_or_Public_Space:0.0980788102607 Road_or_Driveway:0.00289612939944 Traffic_Signal:0.0
47 Person_or_Vehicle Person_or_Vehicle NONE:0.0 Person_or_Vehicle:0.519407860463 Other:0.0098608577022 Building_or_Public_Space:0.429637493423 Road_or_Driveway:0.0410937884111 Traffic_Signal:0.0
48 Building_or_Public_Space Person_or_Vehicle NONE:0.0 Person_or_Vehicle:0.742934360448 Other:0.00782134657633 Building_or_Public_Space:0.203150745056 Road_or_Driveway:0.0460935479197 Traffic_Signal:0.0
49 Road_or_Driveway Building_or_Public_Space NONE:0.0 Person_or_Vehicle:0.134718626904 Other:0.00236924893254 Building_or_Public_Space:0.843098631674 Road_or_Driveway:0.017394353422 Traffic_Signal:0.00241913906757
50 Building_or_Public_Space Person_or_Vehicle NONE:0.0 Person_or_Vehicle:0.84211020427 Other:0.0155527119537 Building_or_Public_Space:0.106348758775 Road_or_Driveway:0.0334321247639 Traffic_Signal:0.00255620023761
51 Other Building_or_Public_Space NONE:0.0 Person_or_Vehicle:0.426639054234 Other:0.0142218064466 Building_or_Public_Space:0.504542475852 Road_or_Driveway:0.0537509178087 Traffic_Signal:0.000845745658444
52 Building_or_Public_Space Person_or_Vehicle NONE:0.0 Person_or_Vehicle:0.758131056558 Other:0.0827847645295 Building_or_Public_Space:0.0795873086953 Road_or_Driveway:0.0770177695057 Traffic_Signal:0.00247910071102
53 Person_or_Vehicle Person_or_Vehicle NONE:0.0 Person_or_Vehicle:0.54319929657 Other:0.005366509004 Building_or_Public_Space:0.347820281471 Road_or_Driveway:0.101913883659 Traffic_Signal:0.00170002929677
54 Person_or_Vehicle Person_or_Vehicle NONE:0.0 Person_or_Vehicle:0.915163142227 Other:0.00867501190265 Building_or_Public_Space:0.0737670501922 Road_or_Driveway:0.00239479567779 Traffic_Signal:0.0
55 Person_or_Vehicle Person_or_Vehicle NONE:0.0 Person_or_Vehicle:0.559959073883 Other:0.0692132289434 Building_or_Public_Space:0.363254697526 Road_or_Driveway:0.00757299964744 Traffic_Signal:0.0
56 Person_or_Vehicle Person_or_Vehicle NONE:0.0 Person_or_Vehicle:0.86280194508 Other:0.0023390796163 Building_or_Public_Space:0.131677400258 Road_or_Driveway:0.00318157504542 Traffic_Signal:0.0
57 Person_or_Vehicle Person_or_Vehicle NONE:0.0 Person_or_Vehicle:0.812327542646 Other:0.00655637143182 Building_or_Public_Space:0.170777240916 Road_or_Driveway:0.0103388450066 Traffic_Signal:0.0
58 Building_or_Public_Space Building_or_Public_Space NONE:0.0 Person_or_Vehicle:0.300091150265 Other:0.00513305654962 Building_or_Public_Space:0.685261264384 Road_or_Driveway:0.00951452880167 Traffic_Signal:0.0
59 Building_or_Public_Space Road_or_Driveway NONE:0.0 Person_or_Vehicle:0.137095668157 Other:0.00166070104842 Building_or_Public_Space:0.334674173093 Road_or_Driveway:0.524045669374 Traffic_Signal:0.00252378832759
60 Person_or_Vehicle Person_or_Vehicle NONE:0.0 Person_or_Vehicle:0.663463708025 Other:0.00897676668717 Building_or_Public_Space:0.294600853747 Road_or_Driveway:0.0324872512988 Traffic_Signal:0.000471420242043
61 Person_or_Vehicle Person_or_Vehicle NONE:0.0 Person_or_Vehicle:0.914650777265 Other:0.00171095560551 Building_or_Public_Space:0.0777215023265 Road_or_Driveway:0.00591676480293 Traffic_Signal:0.0
62 Building_or_Public_Space Person_or_Vehicle NONE:0.0 Person_or_Vehicle:0.617806452408 Other:0.00925131975004 Building_or_Public_Space:0.363390429504 Road_or_Driveway:0.00955179833794 Traffic_Signal:0.0
63 Person_or_Vehicle Person_or_Vehicle NONE:0.0 Person_or_Vehicle:0.884366783114 Other:0.00451407950367 Building_or_Public_Space:0.104247506388 Road_or_Driveway:0.0067064911046 Traffic_Signal:0.000165139889595
64 Person_or_Vehicle Person_or_Vehicle NONE:0.0 Person_or_Vehicle:0.802325466327 Other:0.00582645513357 Building_or_Public_Space:0.162722879601 Road_or_Driveway:0.0291251989381 Traffic_Signal:0.0
65 Person_or_Vehicle Person_or_Vehicle NONE:0.0 Person_or_Vehicle:0.784924641476 Other:0.00410528823485 Building_or_Public_Space:0.187788005974 Road_or_Driveway:0.023182064315 Traffic_Signal:0.0
66 Building_or_Public_Space Person_or_Vehicle NONE:0.0 Person_or_Vehicle:0.768516080854 Other:0.00395712669189 Building_or_Public_Space:0.154004871318 Road_or_Driveway:0.0735219211361 Traffic_Signal:0.0
67 Person_or_Vehicle Person_or_Vehicle NONE:0.0 Person_or_Vehicle:0.676100998481 Other:0.00133095511711 Building_or_Public_Space:0.186395347049 Road_or_Driveway:0.134666243388 Traffic_Signal:0.00150645596507
68 Person_or_Vehicle Person_or_Vehicle NONE:0.0 Person_or_Vehicle:0.948075782007 Other:0.00523189737035 Building_or_Public_Space:0.0401623814647 Road_or_Driveway:0.00652993915799 Traffic_Signal:0.0
69 Other Person_or_Vehicle NONE:0.0 Person_or_Vehicle:0.85202413173 Other:0.0123680941996 Building_or_Public_Space:0.120613322514 Road_or_Driveway:0.0149944515557 Traffic_Signal:0.0
70 Person_or_Vehicle Person_or_Vehicle NONE:0.0 Person_or_Vehicle:0.697791195122 Other:0.101971903246 Building_or_Public_Space:0.123388382004 Road_or_Driveway:0.0740709638132 Traffic_Signal:0.00277755581498
71 Other Person_or_Vehicle NONE:0.0 Person_or_Vehicle:0.896395137926 Other:0.00636342890742 Building_or_Public_Space:0.0746041082832 Road_or_Driveway:0.0226373248836 Traffic_Signal:0.0
72 Person_or_Vehicle Person_or_Vehicle NONE:0.0 Person_or_Vehicle:0.720313243926 Other:0.0334861603586 Building_or_Public_Space:0.217368842361 Road_or_Driveway:0.0236083403742 Traffic_Signal:0.00522341298011
73 Building_or_Public_Space Person_or_Vehicle NONE:0.0 Person_or_Vehicle:0.71333571385 Other:0.00189519517953 Building_or_Public_Space:0.182849683606 Road_or_Driveway:0.101919407365 Traffic_Signal:0.0
74 Person_or_Vehicle Person_or_Vehicle NONE:0.0 Person_or_Vehicle:0.79816653202 Other:0.00401284189355 Building_or_Public_Space:0.180957174677 Road_or_Driveway:0.0165780756305 Traffic_Signal:0.000285375779176
75 Person_or_Vehicle Person_or_Vehicle NONE:0.0 Person_or_Vehicle:0.755525375434 Other:0.00932902078516 Building_or_Public_Space:0.205456461103 Road_or_Driveway:0.0296891426778 Traffic_Signal:0.0
76 Person_or_Vehicle Person_or_Vehicle NONE:0.0 Person_or_Vehicle:0.665290153718 Other:0.00639286086146 Building_or_Public_Space:0.301029653445 Road_or_Driveway:0.0272873319754 Traffic_Signal:0.0
77 Road_or_Driveway Building_or_Public_Space NONE:0.0 Person_or_Vehicle:0.391392183111 Other:0.00920176478046 Building_or_Public_Space:0.516716331596 Road_or_Driveway:0.0826897205124 Traffic_Signal:0.0
78 Person_or_Vehicle Person_or_Vehicle NONE:0.0 Person_or_Vehicle:0.707052608151 Other:0.0148827796165 Building_or_Public_Space:0.0865593085416 Road_or_Driveway:0.190807967579 Traffic_Signal:0.000697336112137
79 Person_or_Vehicle Person_or_Vehicle NONE:0.0 Person_or_Vehicle:0.974747564562 Other:0.00196213238273 Building_or_Public_Space:0.0221309281791 Road_or_Driveway:0.00115937487579 Traffic_Signal:0.0
80 Person_or_Vehicle Person_or_Vehicle NONE:0.0 Person_or_Vehicle:0.934586665409 Other:0.00371577145233 Building_or_Public_Space:0.0579476165176 Road_or_Driveway:0.00374994662107 Traffic_Signal:0.0
81 Person_or_Vehicle Person_or_Vehicle NONE:0.0 Person_or_Vehicle:0.764664108538 Other:0.00731339523927 Building_or_Public_Space:0.215505006981 Road_or_Driveway:0.0125174892417 Traffic_Signal:0.0
82 Person_or_Vehicle Person_or_Vehicle NONE:0.0 Person_or_Vehicle:0.732846053039 Other:0.00620331427234 Building_or_Public_Space:0.249928092548 Road_or_Driveway:0.0110225401401 Traffic_Signal:0.0
83 Person_or_Vehicle Person_or_Vehicle NONE:0.0 Person_or_Vehicle:0.904621594251 Other:0.00500975087432 Building_or_Public_Space:0.0779435378673 Road_or_Driveway:0.012425117007 Traffic_Signal:0.0
84 Person_or_Vehicle Person_or_Vehicle NONE:0.0 Person_or_Vehicle:0.697612194551 Other:0.0145979222295 Building_or_Public_Space:0.257030707482 Road_or_Driveway:0.0307591757371 Traffic_Signal:0.0
85 Person_or_Vehicle Person_or_Vehicle NONE:0.0 Person_or_Vehicle:0.930794784403 Other:0.00162278973653 Building_or_Public_Space:0.064901876753 Road_or_Driveway:0.00268054910765 Traffic_Signal:0.0
86 Person_or_Vehicle Person_or_Vehicle NONE:0.0 Person_or_Vehicle:0.625480580786 Other:0.0114732950786 Building_or_Public_Space:0.314820555516 Road_or_Driveway:0.04822556862 Traffic_Signal:0.0
87 Person_or_Vehicle Person_or_Vehicle NONE:0.0 Person_or_Vehicle:0.595261236339 Other:0.00450464138575 Building_or_Public_Space:0.373647467351 Road_or_Driveway:0.0265866549247 Traffic_Signal:0.0
88 Person_or_Vehicle Person_or_Vehicle NONE:0.0 Person_or_Vehicle:0.82497283553 Other:0.00327529744464 Building_or_Public_Space:0.162332100634 Road_or_Driveway:0.00941976639157 Traffic_Signal:0.0
89 Person_or_Vehicle Person_or_Vehicle NONE:0.0 Person_or_Vehicle:0.775519649816 Other:0.0197157808944 Building_or_Public_Space:0.179299616444 Road_or_Driveway:0.0254649528461 Traffic_Signal:0.0
90 Person_or_Vehicle Person_or_Vehicle NONE:0.0 Person_or_Vehicle:0.711760032809 Other:0.0207757364366 Building_or_Public_Space:0.231820115719 Road_or_Driveway:0.0356441150355 Traffic_Signal:0.0
91 Person_or_Vehicle Person_or_Vehicle NONE:0.0 Person_or_Vehicle:0.900855657022 Other:0.00569314039184 Building_or_Public_Space:0.081447035859 Road_or_Driveway:0.0120041667273 Traffic_Signal:0.0
92 Person_or_Vehicle Person_or_Vehicle NONE:0.0 Person_or_Vehicle:0.781920851485 Other:0.0166410001864 Building_or_Public_Space:0.174690600871 Road_or_Driveway:0.0267475474579 Traffic_Signal:0.0
93 Person_or_Vehicle Person_or_Vehicle NONE:0.0 Person_or_Vehicle:0.870392684154 Other:0.00398733988373 Building_or_Public_Space:0.108480616997 Road_or_Driveway:0.0171393589657 Traffic_Signal:0.0
94 Person_or_Vehicle Person_or_Vehicle NONE:0.0 Person_or_Vehicle:0.805423453475 Other:0.011432864753 Building_or_Public_Space:0.145300799287 Road_or_Driveway:0.0378428824854 Traffic_Signal:0.0
95 Person_or_Vehicle Person_or_Vehicle NONE:0.0 Person_or_Vehicle:0.917393670841 Other:0.0017529055831 Building_or_Public_Space:0.0749577099007 Road_or_Driveway:0.00589571367549 Traffic_Signal:0.0
96 Person_or_Vehicle Person_or_Vehicle NONE:0.0 Person_or_Vehicle:0.94608588515 Other:0.00219838209629 Building_or_Public_Space:0.048140660237 Road_or_Driveway:0.00357507251716 Traffic_Signal:0.0
97 Person_or_Vehicle Person_or_Vehicle NONE:0.0 Person_or_Vehicle:0.945091532771 Other:0.00201571309504 Building_or_Public_Space:0.0484016604222 Road_or_Driveway:0.00449109371179 Traffic_Signal:0.0
98 Person_or_Vehicle Person_or_Vehicle NONE:0.0 Person_or_Vehicle:0.675570120378 Other:0.00328607289599 Building_or_Public_Space:0.271046136931 Road_or_Driveway:0.0500976697953 Traffic_Signal:0.0
99 Building_or_Public_Space Person_or_Vehicle NONE:0.0 Person_or_Vehicle:0.713145176248 Other:0.0857630034403 Building_or_Public_Space:0.142329303792 Road_or_Driveway:0.0587625165196 Traffic_Signal:0.0
100 Road_or_Driveway Building_or_Public_Space NONE:0.0 Person_or_Vehicle:0.34783492957 Other:0.00854413816705 Building_or_Public_Space:0.618688021139 Road_or_Driveway:0.0234624286186 Traffic_Signal:0.00147048250533
101 Person_or_Vehicle Person_or_Vehicle NONE:0.0 Person_or_Vehicle:0.788047081498 Other:0.00634836544522 Building_or_Public_Space:0.198235541234 Road_or_Driveway:0.00441260587784 Traffic_Signal:0.0029564059443
102 Person_or_Vehicle Building_or_Public_Space NONE:0.0 Person_or_Vehicle:0.223443789433 Other:0.00399848155914 Building_or_Public_Space:0.67944193598 Road_or_Driveway:0.0931157930276 Traffic_Signal:0.0
103 Building_or_Public_Space Person_or_Vehicle NONE:0.0 Person_or_Vehicle:0.948528864062 Other:0.00215790662065 Building_or_Public_Space:0.0472002425567 Road_or_Driveway:0.00211298676038 Traffic_Signal:0.0
104 Person_or_Vehicle Person_or_Vehicle NONE:0.0 Person_or_Vehicle:0.903402985954 Other:0.0120298651731 Building_or_Public_Space:0.0797126304951 Road_or_Driveway:0.00456066835308 Traffic_Signal:0.000293850024458
105 Other Person_or_Vehicle NONE:0.0 Person_or_Vehicle:0.912343399247 Other:0.00850566342931 Building_or_Public_Space:0.0768982376537 Road_or_Driveway:0.00225269966999 Traffic_Signal:0.0
106 Person_or_Vehicle Person_or_Vehicle NONE:0.0 Person_or_Vehicle:0.645805159175 Other:0.173765679287 Building_or_Public_Space:0.0828954016168 Road_or_Driveway:0.0964345533367 Traffic_Signal:0.0010992065845
107 Person_or_Vehicle Person_or_Vehicle NONE:0.0 Person_or_Vehicle:0.746362850853 Other:0.00322097233978 Building_or_Public_Space:0.243659669573 Road_or_Driveway:0.00675650723415 Traffic_Signal:0.0
108 Person_or_Vehicle Person_or_Vehicle NONE:0.0 Person_or_Vehicle:0.602514491297 Other:0.0072446063653 Building_or_Public_Space:0.363029156781 Road_or_Driveway:0.0272117455569 Traffic_Signal:0.0
109 Building_or_Public_Space Person_or_Vehicle NONE:0.0 Person_or_Vehicle:0.657492417974 Other:0.00529650999548 Building_or_Public_Space:0.323028890593 Road_or_Driveway:0.0141821814376 Traffic_Signal:0.0
110 Building_or_Public_Space Building_or_Public_Space NONE:0.0 Person_or_Vehicle:0.21153803032 Other:0.00330123062962 Building_or_Public_Space:0.720900137755 Road_or_Driveway:0.0614666108154 Traffic_Signal:0.00279399048055
111 Person_or_Vehicle Person_or_Vehicle NONE:0.0 Person_or_Vehicle:0.431939513068 Other:0.00747143201013 Building_or_Public_Space:0.428393977897 Road_or_Driveway:0.130291774012 Traffic_Signal:0.00190330301311
112 Road_or_Driveway Building_or_Public_Space NONE:0.0 Person_or_Vehicle:0.279595254565 Other:0.010615795739 Building_or_Public_Space:0.640120526116 Road_or_Driveway:0.0696684235799 Traffic_Signal:0.0
113 Road_or_Driveway Person_or_Vehicle NONE:0.0 Person_or_Vehicle:0.618331077602 Other:0.0126194887348 Building_or_Public_Space:0.162480129185 Road_or_Driveway:0.203654578394 Traffic_Signal:0.0029147260838
114 Person_or_Vehicle Person_or_Vehicle NONE:0.0 Person_or_Vehicle:0.763847125028 Other:0.00481212550317 Building_or_Public_Space:0.163837457791 Road_or_Driveway:0.0641162358832 Traffic_Signal:0.00338705579436
115 Person_or_Vehicle Person_or_Vehicle NONE:0.0 Person_or_Vehicle:0.707929815781 Other:0.00721678248633 Building_or_Public_Space:0.224782169578 Road_or_Driveway:0.0600712321548 Traffic_Signal:0.0
116 Person_or_Vehicle Person_or_Vehicle NONE:0.0 Person_or_Vehicle:0.853381971184 Other:0.00622767565508 Building_or_Public_Space:0.118826884289 Road_or_Driveway:0.0215634688712 Traffic_Signal:0.0
117 Building_or_Public_Space Person_or_Vehicle NONE:0.0 Person_or_Vehicle:0.726721556506 Other:0.00749652781927 Building_or_Public_Space:0.209677107736 Road_or_Driveway:0.0561048079386 Traffic_Signal:0.0
118 Traffic_Signal Traffic_Signal NONE:0.0 Person_or_Vehicle:0.252988992968 Other:0.00711770742024 Building_or_Public_Space:0.206321685874 Road_or_Driveway:0.256086724526 Traffic_Signal:0.277484889212
119 Building_or_Public_Space Person_or_Vehicle NONE:0.0 Person_or_Vehicle:0.560936481901 Other:0.0 Building_or_Public_Space:0.332198889085 Road_or_Driveway:0.0913742584821 Traffic_Signal:0.0154903705324
120 Person_or_Vehicle Building_or_Public_Space NONE:0.0 Person_or_Vehicle:0.362450423214 Other:0.00489312119055 Building_or_Public_Space:0.569127585062 Road_or_Driveway:0.0624084714621 Traffic_Signal:0.00112039907129
121 Building_or_Public_Space Building_or_Public_Space NONE:0.0 Person_or_Vehicle:0.464936609853 Other:0.0128114477062 Building_or_Public_Space:0.479966951334 Road_or_Driveway:0.0422849911066 Traffic_Signal:0.0
122 Building_or_Public_Space Building_or_Public_Space NONE:0.0 Person_or_Vehicle:0.225934246846 Other:0.00346594544177 Building_or_Public_Space:0.638292914996 Road_or_Driveway:0.12237137567 Traffic_Signal:0.00993551704504
123 Person_or_Vehicle Person_or_Vehicle NONE:0.0 Person_or_Vehicle:0.652813830995 Other:0.00220550234746 Building_or_Public_Space:0.279971474118 Road_or_Driveway:0.0583917678546 Traffic_Signal:0.00661742468569
124 Person_or_Vehicle Person_or_Vehicle NONE:0.0 Person_or_Vehicle:0.673945393735 Other:0.0270731541217 Building_or_Public_Space:0.153318202458 Road_or_Driveway:0.145663249686 Traffic_Signal:0.0
125 Person_or_Vehicle Person_or_Vehicle NONE:0.0 Person_or_Vehicle:0.878458635067 Other:0.00495939519357 Building_or_Public_Space:0.102450077123 Road_or_Driveway:0.0141318926169 Traffic_Signal:0.0
126 Building_or_Public_Space Building_or_Public_Space NONE:0.0 Person_or_Vehicle:0.476753089344 Other:0.00341510648001 Building_or_Public_Space:0.500382882008 Road_or_Driveway:0.019448922168 Traffic_Signal:0.0
127 Building_or_Public_Space Person_or_Vehicle NONE:0.0 Person_or_Vehicle:0.911451906151 Other:0.00373686265664 Building_or_Public_Space:0.0656294185439 Road_or_Driveway:0.0185542751511 Traffic_Signal:0.000627537497175
128 Person_or_Vehicle Person_or_Vehicle NONE:0.0 Person_or_Vehicle:0.944338342736 Other:0.00604806080926 Building_or_Public_Space:0.0364013608066 Road_or_Driveway:0.0126936905977 Traffic_Signal:0.000518545050922
129 Other Building_or_Public_Space NONE:0.0 Person_or_Vehicle:0.229523086541 Other:0.00390870562382 Building_or_Public_Space:0.755591737803 Road_or_Driveway:0.0109764700313 Traffic_Signal:0.0
130 Person_or_Vehicle Person_or_Vehicle NONE:0.0 Person_or_Vehicle:0.653393260457 Other:0.0535433565876 Building_or_Public_Space:0.202556445582 Road_or_Driveway:0.0883319813388 Traffic_Signal:0.00217495603548
131 Person_or_Vehicle Person_or_Vehicle NONE:0.0 Person_or_Vehicle:0.891457211285 Other:0.003820699444 Building_or_Public_Space:0.0986835034859 Road_or_Driveway:0.00603858578472 Traffic_Signal:0.0
132 Person_or_Vehicle Person_or_Vehicle NONE:0.0 Person_or_Vehicle:0.672770845606 Other:0.00179777659817 Building_or_Public_Space:0.177369140679 Road_or_Driveway:0.148062237118 Traffic_Signal:0.0
133 Road_or_Driveway Person_or_Vehicle NONE:0.0 Person_or_Vehicle:0.704208364653 Other:0.00767528730913 Building_or_Public_Space:0.234987126236 Road_or_Driveway:0.053129221802 Traffic_Signal:0.0
134 Building_or_Public_Space Person_or_Vehicle NONE:0.0 Person_or_Vehicle:0.781352147118 Other:0.0190399778214 Building_or_Public_Space:0.110816912965 Road_or_Driveway:0.0857244383475 Traffic_Signal:0.003066523748
135 Building_or_Public_Space Building_or_Public_Space NONE:0.0 Person_or_Vehicle:0.307946268177 Other:0.00253117876741 Building_or_Public_Space:0.662116495044 Road_or_Driveway:0.0260514768843 Traffic_Signal:0.00135458112771
136 Person_or_Vehicle Building_or_Public_Space NONE:0.0 Person_or_Vehicle:0.114880269577 Other:0.00221472775585 Building_or_Public_Space:0.83688350655 Road_or_Driveway:0.0439996420092 Traffic_Signal:0.00202185410862
137 Person_or_Vehicle Person_or_Vehicle NONE:0.0 Person_or_Vehicle:0.698763034585 Other:0.00387972863408 Building_or_Public_Space:0.255002987036 Road_or_Driveway:0.0423542497452 Traffic_Signal:0.0
138 Building_or_Public_Space Person_or_Vehicle NONE:0.0 Person_or_Vehicle:0.755016818058 Other:0.00442208964969 Building_or_Public_Space:0.222091147869 Road_or_Driveway:0.0184699444234 Traffic_Signal:0.0
139 Building_or_Public_Space Person_or_Vehicle NONE:0.0 Person_or_Vehicle:0.647759205591 Other:0.00170953516925 Building_or_Public_Space:0.301650802417 Road_or_Driveway:0.0481008697925 Traffic_Signal:0.000779587030561
140 Person_or_Vehicle Person_or_Vehicle NONE:0.0 Person_or_Vehicle:0.535897595882 Other:0.00260573064279 Building_or_Public_Space:0.196893750958 Road_or_Driveway:0.260765957675 Traffic_Signal:0.00383696484244
141 Road_or_Driveway Person_or_Vehicle NONE:0.0 Person_or_Vehicle:0.816099126212 Other:0.0489392368561 Building_or_Public_Space:0.100642993483 Road_or_Driveway:0.0343186434487 Traffic_Signal:0.0
142 Person_or_Vehicle Building_or_Public_Space NONE:0.0 Person_or_Vehicle:0.344728088473 Other:0.00923508504523 Building_or_Public_Space:0.36285082311 Road_or_Driveway:0.282382904206 Traffic_Signal:0.000803099165525
143 Person_or_Vehicle Person_or_Vehicle NONE:0.0 Person_or_Vehicle:0.86136657454 Other:0.00477558924028 Building_or_Public_Space:0.102747566149 Road_or_Driveway:0.0311102700704 Traffic_Signal:0.0
144 Road_or_Driveway Person_or_Vehicle NONE:0.0 Person_or_Vehicle:0.57525952693 Other:0.00849196197992 Building_or_Public_Space:0.192327334444 Road_or_Driveway:0.223921176646 Traffic_Signal:0.0
145 Road_or_Driveway Person_or_Vehicle NONE:0.0 Person_or_Vehicle:0.513317993487 Other:0.0144913989839 Building_or_Public_Space:0.117106123143 Road_or_Driveway:0.352630400266 Traffic_Signal:0.00245408412042
146 Person_or_Vehicle Road_or_Driveway NONE:0.0 Person_or_Vehicle:0.285254802738 Other:0.0327843573907 Building_or_Public_Space:0.186629242755 Road_or_Driveway:0.48948319983 Traffic_Signal:0.00584839728602
147 Road_or_Driveway Building_or_Public_Space NONE:0.0 Person_or_Vehicle:0.276062937673 Other:0.0341778139667 Building_or_Public_Space:0.519477653885 Road_or_Driveway:0.170281594475 Traffic_Signal:0.0
148 Person_or_Vehicle Person_or_Vehicle NONE:0.0 Person_or_Vehicle:0.614525193727 Other:0.0406169390799 Building_or_Public_Space:0.26868087139 Road_or_Driveway:0.0746623556545 Traffic_Signal:0.00151464014872
149 Person_or_Vehicle Person_or_Vehicle NONE:0.0 Person_or_Vehicle:0.912254277252 Other:0.00148128200136 Building_or_Public_Space:0.0795874862411 Road_or_Driveway:0.00667695450577 Traffic_Signal:0.0
150 Person_or_Vehicle Person_or_Vehicle NONE:0.0 Person_or_Vehicle:0.861050146246 Other:0.0201008315742 Building_or_Public_Space:0.0948116677637 Road_or_Driveway:0.0240373544164 Traffic_Signal:0.0
151 Person_or_Vehicle Person_or_Vehicle NONE:0.0 Person_or_Vehicle:0.738702034007 Other:0.0262277760871 Building_or_Public_Space:0.231378436756 Road_or_Driveway:0.00369175315007 Traffic_Signal:0.0
152 Person_or_Vehicle Person_or_Vehicle NONE:0.0 Person_or_Vehicle:0.578440644856 Other:0.00711697881107 Building_or_Public_Space:0.352978361312 Road_or_Driveway:0.0614640150206 Traffic_Signal:0.0
153 Building_or_Public_Space Person_or_Vehicle NONE:0.0 Person_or_Vehicle:0.928929614169 Other:0.000984102520305 Building_or_Public_Space:0.0654185497632 Road_or_Driveway:0.00466773354705 Traffic_Signal:0.0
154 Building_or_Public_Space Building_or_Public_Space NONE:0.0 Person_or_Vehicle:0.159575346494 Other:0.00466917196955 Building_or_Public_Space:0.774751516321 Road_or_Driveway:0.0606837461731 Traffic_Signal:0.000320219042642
155 Person_or_Vehicle Person_or_Vehicle NONE:0.0 Person_or_Vehicle:0.810836708208 Other:0.00195818192016 Building_or_Public_Space:0.161938235111 Road_or_Driveway:0.0251341392181 Traffic_Signal:0.000132735543639
156 Person_or_Vehicle Person_or_Vehicle NONE:0.0 Person_or_Vehicle:0.716680878253 Other:0.00703715594555 Building_or_Public_Space:0.233915089516 Road_or_Driveway:0.042366876286 Traffic_Signal:0.0
157 Road_or_Driveway Person_or_Vehicle NONE:0.0 Person_or_Vehicle:0.710298706303 Other:0.0200553595455 Building_or_Public_Space:0.213728009592 Road_or_Driveway:0.0559179245593 Traffic_Signal:0.0
158 Road_or_Driveway Person_or_Vehicle NONE:0.0 Person_or_Vehicle:0.56248017497 Other:0.0209865104323 Building_or_Public_Space:0.326039850756 Road_or_Driveway:0.0862349543916 Traffic_Signal:0.0042585094501
159 Person_or_Vehicle Person_or_Vehicle NONE:0.0 Person_or_Vehicle:0.652311762313 Other:0.0272747980312 Building_or_Public_Space:0.187729858943 Road_or_Driveway:0.122040072393 Traffic_Signal:0.0106435083199
160 Building_or_Public_Space Person_or_Vehicle NONE:0.0 Person_or_Vehicle:0.956174435471 Other:0.0014776300179 Building_or_Public_Space:0.0407507908223 Road_or_Driveway:0.00159714368898 Traffic_Signal:0.0
161 Building_or_Public_Space Person_or_Vehicle NONE:0.0 Person_or_Vehicle:0.806408198997 Other:0.00953987386651 Building_or_Public_Space:0.167356366969 Road_or_Driveway:0.015510874577 Traffic_Signal:0.00118468559093
162 Person_or_Vehicle Person_or_Vehicle NONE:0.0 Person_or_Vehicle:0.769590572936 Other:0.00204097340676 Building_or_Public_Space:0.218734806549 Road_or_Driveway:0.00941916463741 Traffic_Signal:0.00021448247016
163 Building_or_Public_Space Person_or_Vehicle NONE:0.0 Person_or_Vehicle:0.834368411555 Other:0.00478569565356 Building_or_Public_Space:0.15440874948 Road_or_Driveway:0.00643714331191 Traffic_Signal:0.0
164 Person_or_Vehicle Person_or_Vehicle NONE:0.0 Person_or_Vehicle:0.545748070367 Other:0.00620500184882 Building_or_Public_Space:0.340576545841 Road_or_Driveway:0.105310522552 Traffic_Signal:0.00215985939001
165 Road_or_Driveway Person_or_Vehicle NONE:0.0 Person_or_Vehicle:0.661750294234 Other:0.00578606441951 Building_or_Public_Space:0.308244209381 Road_or_Driveway:0.024219431965 Traffic_Signal:0.0
166 Building_or_Public_Space Building_or_Public_Space NONE:0.0 Person_or_Vehicle:0.337920385226 Other:0.0140735686199 Building_or_Public_Space:0.438140984439 Road_or_Driveway:0.201368125841 Traffic_Signal:0.00849693587313
167 Building_or_Public_Space Person_or_Vehicle NONE:0.0 Person_or_Vehicle:0.615342280523 Other:0.0264441943477 Building_or_Public_Space:0.254005788716 Road_or_Driveway:0.103081415675 Traffic_Signal:0.00112632073782
168 Other Person_or_Vehicle NONE:0.0 Person_or_Vehicle:0.42625028201 Other:0.10751545628 Building_or_Public_Space:0.337756797284 Road_or_Driveway:0.126957007198 Traffic_Signal:0.00152045722834
169 Other Person_or_Vehicle NONE:0.0 Person_or_Vehicle:0.498626661413 Other:0.171892878269 Building_or_Public_Space:0.0981133699553 Road_or_Driveway:0.22791817541 Traffic_Signal:0.00344891495283
170 Other Person_or_Vehicle NONE:0.0 Person_or_Vehicle:0.742196452219 Other:0.0366061390038 Building_or_Public_Space:0.129851059922 Road_or_Driveway:0.0863155086185 Traffic_Signal:0.00503084023652
171 Road_or_Driveway Person_or_Vehicle NONE:0.0 Person_or_Vehicle:0.87962185757 Other:0.0549133089873 Building_or_Public_Space:0.0430877615987 Road_or_Driveway:0.0220157744434 Traffic_Signal:0.000361297400841
172 Person_or_Vehicle Person_or_Vehicle NONE:0.0 Person_or_Vehicle:0.577044653285 Other:0.0882445432517 Building_or_Public_Space:0.219515659922 Road_or_Driveway:0.114378207802 Traffic_Signal:0.000816935739467
173 Person_or_Vehicle Person_or_Vehicle NONE:0.0 Person_or_Vehicle:0.659359985271 Other:0.0171707542184 Building_or_Public_Space:0.281927265887 Road_or_Driveway:0.0415419946235 Traffic_Signal:0.0
174 Person_or_Vehicle Building_or_Public_Space NONE:0.0 Person_or_Vehicle:0.295429323683 Other:0.000946071912765 Building_or_Public_Space:0.697294574955 Road_or_Driveway:0.00633002944964 Traffic_Signal:0.0
175 Person_or_Vehicle Person_or_Vehicle NONE:0.0 Person_or_Vehicle:0.517826257245 Other:0.00371538472515 Building_or_Public_Space:0.473160678656 Road_or_Driveway:0.00529767937378 Traffic_Signal:0.0
176 Person_or_Vehicle Person_or_Vehicle NONE:0.0 Person_or_Vehicle:0.785447912234 Other:0.0238949960973 Building_or_Public_Space:0.18737449374 Road_or_Driveway:0.00328259792831 Traffic_Signal:0.0
177 Building_or_Public_Space Person_or_Vehicle NONE:0.0 Person_or_Vehicle:0.727860890989 Other:0.00383661139819 Building_or_Public_Space:0.251208626651 Road_or_Driveway:0.017093870961 Traffic_Signal:0.0
178 Person_or_Vehicle Person_or_Vehicle NONE:0.0 Person_or_Vehicle:0.627915442314 Other:0.00321941745044 Building_or_Public_Space:0.246306206032 Road_or_Driveway:0.120846944419 Traffic_Signal:0.00171198978485
179 Person_or_Vehicle Person_or_Vehicle NONE:0.0 Person_or_Vehicle:0.73504818311 Other:0.0130845248082 Building_or_Public_Space:0.171095556415 Road_or_Driveway:0.0807717356668 Traffic_Signal:0.0
180 Person_or_Vehicle Person_or_Vehicle NONE:0.0 Person_or_Vehicle:0.848921501149 Other:0.0101608911196 Building_or_Public_Space:0.128486792667 Road_or_Driveway:0.0124308150651 Traffic_Signal:0.0
181 Person_or_Vehicle Person_or_Vehicle NONE:0.0 Person_or_Vehicle:0.75300906373 Other:0.0141354362234 Building_or_Public_Space:0.16158263824 Road_or_Driveway:0.0712728618073 Traffic_Signal:0.0
182 Building_or_Public_Space Person_or_Vehicle NONE:0.0 Person_or_Vehicle:0.593117679282 Other:0.0170361564575 Building_or_Public_Space:0.276988759153 Road_or_Driveway:0.112857405108 Traffic_Signal:0.0
183 Building_or_Public_Space Person_or_Vehicle NONE:0.0 Person_or_Vehicle:0.535261144512 Other:0.00411030632497 Building_or_Public_Space:0.394640701956 Road_or_Driveway:0.0646419373652 Traffic_Signal:0.00134590984212
184 Building_or_Public_Space Building_or_Public_Space NONE:0.0 Person_or_Vehicle:0.228030112121 Other:0.00247212931974 Building_or_Public_Space:0.416426667152 Road_or_Driveway:0.352351690528 Traffic_Signal:0.000719400878476
185 Road_or_Driveway Road_or_Driveway NONE:0.0 Person_or_Vehicle:0.336198174898 Other:0.00318140447854 Building_or_Public_Space:0.203965684614 Road_or_Driveway:0.455422076749 Traffic_Signal:0.00123265926029
186 Road_or_Driveway Person_or_Vehicle NONE:0.0 Person_or_Vehicle:0.571038836927 Other:0.0194765884047 Building_or_Public_Space:0.303837924693 Road_or_Driveway:0.103359319698 Traffic_Signal:0.00228733027863
187 Person_or_Vehicle Person_or_Vehicle NONE:0.0 Person_or_Vehicle:0.912834750629 Other:0.0184390563073 Building_or_Public_Space:0.0565391803668 Road_or_Driveway:0.0116871958814 Traffic_Signal:0.000499816815155
188 Person_or_Vehicle Person_or_Vehicle NONE:0.0 Person_or_Vehicle:0.968939235558 Other:0.00117510197644 Building_or_Public_Space:0.0294398568944 Road_or_Driveway:0.000445805571248 Traffic_Signal:0.0
189 Person_or_Vehicle Person_or_Vehicle NONE:0.0 Person_or_Vehicle:0.860058246657 Other:0.000657024471199 Building_or_Public_Space:0.137225803524 Road_or_Driveway:0.00205892534778 Traffic_Signal:0.0
190 Building_or_Public_Space Person_or_Vehicle NONE:0.0 Person_or_Vehicle:0.950469160233 Other:0.00072703367947 Building_or_Public_Space:0.0463641796439 Road_or_Driveway:0.00243962644388 Traffic_Signal:0.0
191 Person_or_Vehicle Person_or_Vehicle NONE:0.0 Person_or_Vehicle:0.696192960865 Other:0.000916291235168 Building_or_Public_Space:0.288483616584 Road_or_Driveway:0.0135502666712 Traffic_Signal:0.000856864644809
192 Building_or_Public_Space Person_or_Vehicle NONE:0.0 Person_or_Vehicle:0.623309051538 Other:0.00994276217406 Building_or_Public_Space:0.331888642164 Road_or_Driveway:0.0348595441234 Traffic_Signal:0.0
193 Building_or_Public_Space Person_or_Vehicle NONE:0.0 Person_or_Vehicle:0.746736309811 Other:0.000589269061979 Building_or_Public_Space:0.244247578427 Road_or_Driveway:0.00795064524987 Traffic_Signal:0.000476197449387
194 Building_or_Public_Space Building_or_Public_Space NONE:0.0 Person_or_Vehicle:0.276722971534 Other:0.00196382457917 Building_or_Public_Space:0.707685964543 Road_or_Driveway:0.0129316729608 Traffic_Signal:0.000695566382339
195 Person_or_Vehicle Person_or_Vehicle NONE:0.0 Person_or_Vehicle:0.513091712682 Other:0.0228993422136 Building_or_Public_Space:0.337717520361 Road_or_Driveway:0.125443354966 Traffic_Signal:0.00084806977783
