Person_or_Vehicle	0.6587769586	Other	0.1157919252	Building_or_Public_Space	0.1799948885	Road_or_Driveway	0.04095533727	Traffic_Signal	0.004480890433	
Person_or_Vehicle	0.2353165842	Other	0.5483413849	Building_or_Public_Space	0.166525101	Road_or_Driveway	0.04643385456	Traffic_Signal	0.003383075335	
Person_or_Vehicle	0.1739818607	Other	0.3987742705	Building_or_Public_Space	0.1396526189	Road_or_Driveway	0.2691843514	Traffic_Signal	0.01840689854	
Person_or_Vehicle	0.8269901778	Other	0.02833618751	Building_or_Public_Space	0.09261487827	Road_or_Driveway	0.0505922843	Traffic_Signal	0.001466472115	
Person_or_Vehicle	0.5154838899	Other	0.1620397171	Building_or_Public_Space	0.2851476971	Road_or_Driveway	0.0355563206	Traffic_Signal	0.001772375391	
Person_or_Vehicle	0.2931204488	Other	0.1278907544	Building_or_Public_Space	0.4941302464	Road_or_Driveway	0.08083495678	Traffic_Signal	0.004023593542	
Person_or_Vehicle	0.2827599972	Other	0.3304715109	Building_or_Public_Space	0.3527068012	Road_or_Driveway	0.03201995988	Traffic_Signal	0.002041730831	
Person_or_Vehicle	0.8825282564	Other	0.003211362927	Building_or_Public_Space	0.102965367	Road_or_Driveway	0.01067609358	Traffic_Signal	0.0006189200103	
Person_or_Vehicle	0.4009992653	Other	0.007185942939	Building_or_Public_Space	0.5862893393	Road_or_Driveway	0.004092461679	Traffic_Signal	0.001432990794	
Person_or_Vehicle	0.8789542812	Other	0.003466111008	Building_or_Public_Space	0.100014978	Road_or_Driveway	0.01732561066	Traffic_Signal	0.0002390191687	
Person_or_Vehicle	0.6718782801	Other	0.01427519974	Building_or_Public_Space	0.222232839	Road_or_Driveway	0.09077285692	Traffic_Signal	0.0008408241808	
Person_or_Vehicle	0.9185805363	Other	0.02951783737	Building_or_Public_Space	0.03221937755	Road_or_Driveway	0.01936215197	Traffic_Signal	0.0003200967965	
Person_or_Vehicle	0.8444607106	Other	0.008241802074	Building_or_Public_Space	0.1288934816	Road_or_Driveway	0.01519480327	Traffic_Signal	0.00320920255	
Person_or_Vehicle	0.7691403402	Other	0.1192544907	Building_or_Public_Space	0.07651378507	Road_or_Driveway	0.02142089662	Traffic_Signal	0.01367048739	
Person_or_Vehicle	0.4089661698	Other	0.07352133204	Building_or_Public_Space	0.4654216537	Road_or_Driveway	0.04759283131	Traffic_Signal	0.004498013166	
Person_or_Vehicle	0.9074066987	Other	0.0116543346	Building_or_Public_Space	0.06202702748	Road_or_Driveway	0.01770153834	Traffic_Signal	0.001210400891	
Person_or_Vehicle	0.7935045914	Other	0.0133661144	Building_or_Public_Space	0.1860844538	Road_or_Driveway	0.006020060263	Traffic_Signal	0.001024780194	
Person_or_Vehicle	0.6833407095	Other	0.01221416459	Building_or_Public_Space	0.2832115652	Road_or_Driveway	0.01865165013	Traffic_Signal	0.002581910523	
Person_or_Vehicle	0.3894958725	Other	0.007387831659	Building_or_Public_Space	0.597995186	Road_or_Driveway	0.004440352685	Traffic_Signal	0.0006807571056	
Person_or_Vehicle	0.9200152655	Other	0.001364969235	Building_or_Public_Space	0.07177898274	Road_or_Driveway	0.006003470273	Traffic_Signal	0.0008373122088	
Person_or_Vehicle	0.1302469823	Other	0.07971573535	Building_or_Public_Space	0.7488033944	Road_or_Driveway	0.03047816239	Traffic_Signal	0.01075572552	
Person_or_Vehicle	0.04713347191	Other	0.03965222217	Building_or_Public_Space	0.8800035007	Road_or_Driveway	0.02184671453	Traffic_Signal	0.01136409067	
Person_or_Vehicle	0.1702817015	Other	0.01231161103	Building_or_Public_Space	0.7641087028	Road_or_Driveway	0.04297006014	Traffic_Signal	0.01032792455	
Person_or_Vehicle	0.6358801553	Other	0.08987120621	Building_or_Public_Space	0.216860036	Road_or_Driveway	0.04125729456	Traffic_Signal	0.01613130792	
Person_or_Vehicle	0.0511750502	Other	0.01716511446	Building_or_Public_Space	0.9034806394	Road_or_Driveway	0.02633335013	Traffic_Signal	0.00184584579	
Person_or_Vehicle	0.8001738686	Other	0.005686089867	Building_or_Public_Space	0.1664066802	Road_or_Driveway	0.02281414238	Traffic_Signal	0.004919218901	
Person_or_Vehicle	0.05042405281	Other	0.03138487233	Building_or_Public_Space	0.8246464469	Road_or_Driveway	0.08258126668	Traffic_Signal	0.0109633613	
Person_or_Vehicle	0.08985424105	Other	0.02437576725	Building_or_Public_Space	0.779592507	Road_or_Driveway	0.09745048028	Traffic_Signal	0.008727004409	
Person_or_Vehicle	0.08048031784	Other	0.009435433203	Building_or_Public_Space	0.833286516	Road_or_Driveway	0.0586784356	Traffic_Signal	0.01811929735	
Person_or_Vehicle	0.01250279514	Other	0.01615847298	Building_or_Public_Space	0.9575050705	Road_or_Driveway	0.01139131629	Traffic_Signal	0.002442345087	
Person_or_Vehicle	0.1494540114	Other	0.01895739235	Building_or_Public_Space	0.8001202223	Road_or_Driveway	0.02799178783	Traffic_Signal	0.00347658614	
Person_or_Vehicle	0.1317732048	Other	0.02393469966	Building_or_Public_Space	0.8285208566	Road_or_Driveway	0.01327442073	Traffic_Signal	0.002496818176	
Person_or_Vehicle	0.1025301409	Other	0.1240673071	Building_or_Public_Space	0.4881939725	Road_or_Driveway	0.2759576543	Traffic_Signal	0.009250925234	
Person_or_Vehicle	0.0474410648	Other	0.07336739991	Building_or_Public_Space	0.8151418263	Road_or_Driveway	0.05788198498	Traffic_Signal	0.006167723974	
Person_or_Vehicle	0.884635099	Other	0.003640937569	Building_or_Public_Space	0.1060611888	Road_or_Driveway	0.003009631072	Traffic_Signal	0.002653143629	
Person_or_Vehicle	0.4902575251	Other	0.0254657437	Building_or_Public_Space	0.4730292856	Road_or_Driveway	0.009209421045	Traffic_Signal	0.002038024529	
Person_or_Vehicle	0.3036249799	Other	0.03701893608	Building_or_Public_Space	0.612571972	Road_or_Driveway	0.03068467858	Traffic_Signal	0.0160994334	
Person_or_Vehicle	0.0349046771	Other	0.01716726183	Building_or_Public_Space	0.3925070221	Road_or_Driveway	0.502808578	Traffic_Signal	0.05261246102	
Person_or_Vehicle	0.6136885384	Other	0.01508467687	Building_or_Public_Space	0.09247110391	Road_or_Driveway	0.2499751716	Traffic_Signal	0.02878050928	
Person_or_Vehicle	0.5656810519	Other	0.1834772764	Building_or_Public_Space	0.1818115384	Road_or_Driveway	0.05794543963	Traffic_Signal	0.01108469364	
Person_or_Vehicle	0.5659685898	Other	0.09214754602	Building_or_Public_Space	0.2925452008	Road_or_Driveway	0.04525683198	Traffic_Signal	0.004081831491	
Person_or_Vehicle	0.5687072057	Other	0.02456644761	Building_or_Public_Space	0.3922331574	Road_or_Driveway	0.01014932107	Traffic_Signal	0.004343868216	
Person_or_Vehicle	0.7651291502	Other	0.04576638379	Building_or_Public_Space	0.1603906029	Road_or_Driveway	0.02592603056	Traffic_Signal	0.00278783254	
Person_or_Vehicle	0.9369083981	Other	0.00969330731	Building_or_Public_Space	0.04282029032	Road_or_Driveway	0.008649623257	Traffic_Signal	0.001928381046	
Person_or_Vehicle	0.320830006	Other	0.02499778605	Building_or_Public_Space	0.5687046103	Road_or_Driveway	0.07816076974	Traffic_Signal	0.007306827898	
Person_or_Vehicle	0.1011560487	Other	0.008725200741	Building_or_Public_Space	0.3193962211	Road_or_Driveway	0.5104492109	Traffic_Signal	0.06027331844	
Person_or_Vehicle	0.3030765425	Other	0.05682709213	Building_or_Public_Space	0.2693119173	Road_or_Driveway	0.3664011698	Traffic_Signal	0.004383278174	
Person_or_Vehicle	0.5711234507	Other	0.02432632511	Building_or_Public_Space	0.2823746592	Road_or_Driveway	0.111070045	Traffic_Signal	0.01110551996	
Person_or_Vehicle	0.4371176968	Other	0.06676415607	Building_or_Public_Space	0.4185005982	Road_or_Driveway	0.06995936792	Traffic_Signal	0.007658181046	
Person_or_Vehicle	0.4497251752	Other	0.07489750581	Building_or_Public_Space	0.3913580611	Road_or_Driveway	0.06784488258	Traffic_Signal	0.01617437539	
Person_or_Vehicle	0.3269714713	Other	0.0132926482	Building_or_Public_Space	0.5478666918	Road_or_Driveway	0.1006417418	Traffic_Signal	0.0112274469	
Person_or_Vehicle	0.1338408431	Other	0.007502319741	Building_or_Public_Space	0.7386262069	Road_or_Driveway	0.03432594773	Traffic_Signal	0.0857046826	
Person_or_Vehicle	0.7902996703	Other	0.01328494065	Building_or_Public_Space	0.1580876009	Road_or_Driveway	0.03544647604	Traffic_Signal	0.002881312085	
Person_or_Vehicle	0.8789684366	Other	0.009062068871	Building_or_Public_Space	0.07074853234	Road_or_Driveway	0.03176101292	Traffic_Signal	0.009459949316	
Person_or_Vehicle	0.1828411484	Other	0.01646540032	Building_or_Public_Space	0.6996887914	Road_or_Driveway	0.1007861846	Traffic_Signal	0.0002184752844	
Person_or_Vehicle	0.07487470385	Other	0.02623385924	Building_or_Public_Space	0.8022557622	Road_or_Driveway	0.09532783043	Traffic_Signal	0.001307844319	
Person_or_Vehicle	0.2268552927	Other	0.00687971316	Building_or_Public_Space	0.5841826915	Road_or_Driveway	0.1782867789	Traffic_Signal	0.003795523704	
Person_or_Vehicle	0.7067135787	Other	0.05056453044	Building_or_Public_Space	0.2281814536	Road_or_Driveway	0.0134076624	Traffic_Signal	0.001132774889	
Person_or_Vehicle	0.04712062951	Other	0.004020885071	Building_or_Public_Space	0.9199934442	Road_or_Driveway	0.0276029271	Traffic_Signal	0.001262114155	
Person_or_Vehicle	0.05084675222	Other	0.08410137886	Building_or_Public_Space	0.1846646206	Road_or_Driveway	0.6443559498	Traffic_Signal	0.03603129854	
Person_or_Vehicle	0.2255070388	Other	0.0128559559	Building_or_Public_Space	0.7267966726	Road_or_Driveway	0.03152910671	Traffic_Signal	0.003311226078	
Person_or_Vehicle	0.2227263837	Other	0.6362072043	Building_or_Public_Space	0.1250224699	Road_or_Driveway	0.01180566806	Traffic_Signal	0.004238273988	
Person_or_Vehicle	0.5821007546	Other	0.2625507551	Building_or_Public_Space	0.09998976918	Road_or_Driveway	0.05411170096	Traffic_Signal	0.001247020155	
Person_or_Vehicle	0.85552799	Other	0.02859593452	Building_or_Public_Space	0.07496682924	Road_or_Driveway	0.03610052795	Traffic_Signal	0.004808718308	
Person_or_Vehicle	0.2227127349	Other	0.07147915878	Building_or_Public_Space	0.4167511461	Road_or_Driveway	0.08287106457	Traffic_Signal	0.2061858957	
Person_or_Vehicle	0.1129476714	Other	0.02864880188	Building_or_Public_Space	0.8302798864	Road_or_Driveway	0.02252571374	Traffic_Signal	0.005597926535	
Person_or_Vehicle	0.05167746412	Other	0.01807068607	Building_or_Public_Space	0.7698327671	Road_or_Driveway	0.1338290279	Traffic_Signal	0.02659005476	
Person_or_Vehicle	0.3061134781	Other	0.01865299248	Building_or_Public_Space	0.6451187123	Road_or_Driveway	0.01643677333	Traffic_Signal	0.01367804386	
Person_or_Vehicle	0.6463324182	Other	0.04657715723	Building_or_Public_Space	0.2433598683	Road_or_Driveway	0.06088579675	Traffic_Signal	0.002844759587	
Person_or_Vehicle	0.3847884803	Other	0.02528667701	Building_or_Public_Space	0.5715957527	Road_or_Driveway	0.01648147801	Traffic_Signal	0.001847612038	
Person_or_Vehicle	0.3714827753	Other	0.1073775447	Building_or_Public_Space	0.4915269044	Road_or_Driveway	0.02714936613	Traffic_Signal	0.002463409475	
Person_or_Vehicle	0.08333660378	Other	0.007223287126	Building_or_Public_Space	0.2637821113	Road_or_Driveway	0.6391282352	Traffic_Signal	0.006529762535	
Person_or_Vehicle	0.1089373983	Other	0.01285214917	Building_or_Public_Space	0.8187652059	Road_or_Driveway	0.05463055714	Traffic_Signal	0.00481468955	
Person_or_Vehicle	0.09729343195	Other	0.03608096247	Building_or_Public_Space	0.09903691772	Road_or_Driveway	0.7476760595	Traffic_Signal	0.01991262837	
Person_or_Vehicle	0.08892943918	Other	0.006347226723	Building_or_Public_Space	0.8866207086	Road_or_Driveway	0.01747708429	Traffic_Signal	0.0006255412454	
Person_or_Vehicle	0.3153122319	Other	0.009687198592	Building_or_Public_Space	0.6139274328	Road_or_Driveway	0.0542741115	Traffic_Signal	0.006799025241	
Person_or_Vehicle	0.7816335322	Other	0.0292392743	Building_or_Public_Space	0.1560350813	Road_or_Driveway	0.03250530273	Traffic_Signal	0.0005868094354	
Person_or_Vehicle	0.9087033425	Other	0.009885415985	Building_or_Public_Space	0.06785354201	Road_or_Driveway	0.0127182083	Traffic_Signal	0.0008394911605	
Person_or_Vehicle	0.8149680483	Other	0.1024307243	Building_or_Public_Space	0.05497444272	Road_or_Driveway	0.02700462524	Traffic_Signal	0.0006221594429	
Person_or_Vehicle	0.1236230382	Other	0.5381785563	Building_or_Public_Space	0.2513534326	Road_or_Driveway	0.08435048584	Traffic_Signal	0.002494487054	
Person_or_Vehicle	0.7215279532	Other	0.03720462106	Building_or_Public_Space	0.1740597774	Road_or_Driveway	0.03764988969	Traffic_Signal	0.02955775859	
Person_or_Vehicle	0.8564922579	Other	0.004107325369	Building_or_Public_Space	0.1245009324	Road_or_Driveway	0.01435003299	Traffic_Signal	0.0005494514012	
Person_or_Vehicle	0.5159617564	Other	0.00864500952	Building_or_Public_Space	0.4580312316	Road_or_Driveway	0.01511855681	Traffic_Signal	0.002243445724	
Person_or_Vehicle	0.3350569468	Other	0.0228211753	Building_or_Public_Space	0.5426044242	Road_or_Driveway	0.09341877559	Traffic_Signal	0.006098678072	
Person_or_Vehicle	0.6398631445	Other	0.05428621606	Building_or_Public_Space	0.2713803113	Road_or_Driveway	0.03051604435	Traffic_Signal	0.003954283785	
Person_or_Vehicle	0.6678080622	Other	0.01679946669	Building_or_Public_Space	0.3087907387	Road_or_Driveway	0.00450240356	Traffic_Signal	0.002099328868	
Person_or_Vehicle	0.6857307713	Other	0.1983808785	Building_or_Public_Space	0.09083287057	Road_or_Driveway	0.02427286692	Traffic_Signal	0.0007826126698	
Person_or_Vehicle	0.6776088965	Other	0.1236081814	Building_or_Public_Space	0.186978568	Road_or_Driveway	0.01131959977	Traffic_Signal	0.0004847544022	
Person_or_Vehicle	0.5662671068	Other	0.01062082596	Building_or_Public_Space	0.4075085364	Road_or_Driveway	0.01136340651	Traffic_Signal	0.004240124271	
Person_or_Vehicle	0.884635099	Other	0.003640937569	Building_or_Public_Space	0.1060611888	Road_or_Driveway	0.003009631072	Traffic_Signal	0.002653143629	
Person_or_Vehicle	0.3554493703	Other	0.03011701672	Building_or_Public_Space	0.5995689903	Road_or_Driveway	0.01336377396	Traffic_Signal	0.00150084873	
Person_or_Vehicle	0.06144244754	Other	0.01913921816	Building_or_Public_Space	0.8995678621	Road_or_Driveway	0.01733073276	Traffic_Signal	0.002519739481	
Person_or_Vehicle	0.1916138432	Other	0.06896088685	Building_or_Public_Space	0.6402245346	Road_or_Driveway	0.09604344872	Traffic_Signal	0.003157286609	
Person_or_Vehicle	0.1488859411	Other	0.03495640053	Building_or_Public_Space	0.6720644185	Road_or_Driveway	0.1421124309	Traffic_Signal	0.001980809011	
Person_or_Vehicle	0.1394810463	Other	0.02705024217	Building_or_Public_Space	0.7061394519	Road_or_Driveway	0.120545414	Traffic_Signal	0.006783845599	
Person_or_Vehicle	0.6371754629	Other	0.0170026236	Building_or_Public_Space	0.2024585612	Road_or_Driveway	0.1392525657	Traffic_Signal	0.004110786637	
Person_or_Vehicle	0.8077626588	Other	0.005677368472	Building_or_Public_Space	0.1797251858	Road_or_Driveway	0.003219657462	Traffic_Signal	0.003615129457	
Person_or_Vehicle	0.1437804119	Other	0.009253305486	Building_or_Public_Space	0.8173738773	Road_or_Driveway	0.02927914309	Traffic_Signal	0.0003132622132	
Person_or_Vehicle	0.06770259926	Other	0.0106534419	Building_or_Public_Space	0.8715463875	Road_or_Driveway	0.04988267315	Traffic_Signal	0.0002148981781	
Person_or_Vehicle	0.8345775992	Other	0.07173293324	Building_or_Public_Space	0.0441477028	Road_or_Driveway	0.04538814888	Traffic_Signal	0.004153615926	
Person_or_Vehicle	0.1399821929	Other	0.01296841885	Building_or_Public_Space	0.07844949517	Road_or_Driveway	0.7481222367	Traffic_Signal	0.02047765636	
Person_or_Vehicle	0.6582642534	Other	0.006272757189	Building_or_Public_Space	0.1155209878	Road_or_Driveway	0.2132780426	Traffic_Signal	0.006663958934	
Person_or_Vehicle	0.02211952936	Other	0.01237758286	Building_or_Public_Space	0.5005687776	Road_or_Driveway	0.4637472053	Traffic_Signal	0.001186904863	
Person_or_Vehicle	0.1173357852	Other	0.008861880718	Building_or_Public_Space	0.03088242395	Road_or_Driveway	0.8420594782	Traffic_Signal	0.0008604319596	
Person_or_Vehicle	0.1572665862	Other	0.03248100002	Building_or_Public_Space	0.1881706287	Road_or_Driveway	0.2028650524	Traffic_Signal	0.4192167327	
Person_or_Vehicle	0.07809866943	Other	0.01281049349	Building_or_Public_Space	0.8200949148	Road_or_Driveway	0.06921734864	Traffic_Signal	0.0197785737	
Person_or_Vehicle	0.1266413387	Other	0.01846864939	Building_or_Public_Space	0.08961989611	Road_or_Driveway	0.7537211481	Traffic_Signal	0.01154896765	
Person_or_Vehicle	0.09740759695	Other	0.04539610654	Building_or_Public_Space	0.3175799775	Road_or_Driveway	0.3927378883	Traffic_Signal	0.1468784307	
Person_or_Vehicle	0.8080271882	Other	0.01066201783	Building_or_Public_Space	0.04375525215	Road_or_Driveway	0.006176200995	Traffic_Signal	0.1313793408	
Person_or_Vehicle	0.3063718596	Other	0.07359483528	Building_or_Public_Space	0.3403344026	Road_or_Driveway	0.1370105809	Traffic_Signal	0.1426883216	
Person_or_Vehicle	0.5185693685	Other	0.0428441148	Building_or_Public_Space	0.3437515842	Road_or_Driveway	0.08389365636	Traffic_Signal	0.01094127619	
Person_or_Vehicle	0.04751159475	Other	0.02652624633	Building_or_Public_Space	0.6324071811	Road_or_Driveway	0.2877742814	Traffic_Signal	0.005780696423	
Person_or_Vehicle	0.142489556	Other	0.02826600732	Building_or_Public_Space	0.04807303348	Road_or_Driveway	0.7775497288	Traffic_Signal	0.003621674446	
Person_or_Vehicle	0.2884655492	Other	0.008913836989	Building_or_Public_Space	0.1367472351	Road_or_Driveway	0.521690261	Traffic_Signal	0.04418311766	
Person_or_Vehicle	0.2844890698	Other	0.01397022216	Building_or_Public_Space	0.4866372526	Road_or_Driveway	0.2128612727	Traffic_Signal	0.002042182676	
Person_or_Vehicle	0.1648591906	Other	0.02013996037	Building_or_Public_Space	0.6140564832	Road_or_Driveway	0.1879225335	Traffic_Signal	0.01302183238	
Person_or_Vehicle	0.7999863432	Other	0.1185385295	Building_or_Public_Space	0.06439237994	Road_or_Driveway	0.01562812211	Traffic_Signal	0.001454625317	
Person_or_Vehicle	0.7433052562	Other	0.1693437239	Building_or_Public_Space	0.07404859461	Road_or_Driveway	0.01217693302	Traffic_Signal	0.001125492302	
Person_or_Vehicle	0.329403424	Other	0.4797963082	Building_or_Public_Space	0.1804768403	Road_or_Driveway	0.009496991576	Traffic_Signal	0.0008264359318	
Person_or_Vehicle	0.7315476757	Other	0.07795956588	Building_or_Public_Space	0.1417585402	Road_or_Driveway	0.04591582783	Traffic_Signal	0.002818390411	
Person_or_Vehicle	0.3333966062	Other	0.02151376924	Building_or_Public_Space	0.6120263889	Road_or_Driveway	0.02847230854	Traffic_Signal	0.004590927069	
Person_or_Vehicle	0.9287021229	Other	0.02744432812	Building_or_Public_Space	0.03125383905	Road_or_Driveway	0.01217285441	Traffic_Signal	0.0004268555629	
Person_or_Vehicle	0.8370540485	Other	0.03762650307	Building_or_Public_Space	0.1032283047	Road_or_Driveway	0.01716167376	Traffic_Signal	0.004929469972	
Person_or_Vehicle	0.2193746405	Other	0.06820155141	Building_or_Public_Space	0.5244406677	Road_or_Driveway	0.1826387802	Traffic_Signal	0.005344360205	
Person_or_Vehicle	0.884635099	Other	0.003640937569	Building_or_Public_Space	0.1060611888	Road_or_Driveway	0.003009631072	Traffic_Signal	0.002653143629	
Person_or_Vehicle	0.3554493703	Other	0.03011701672	Building_or_Public_Space	0.5995689903	Road_or_Driveway	0.01336377396	Traffic_Signal	0.00150084873	
Person_or_Vehicle	0.385202785	Other	0.0368162455	Building_or_Public_Space	0.4983520726	Road_or_Driveway	0.06341691656	Traffic_Signal	0.01621198026	
Person_or_Vehicle	0.1958424703	Other	0.02420986013	Building_or_Public_Space	0.7304067539	Road_or_Driveway	0.03963637346	Traffic_Signal	0.009904542211	
Person_or_Vehicle	0.06844583846	Other	0.02301288876	Building_or_Public_Space	0.8759403118	Road_or_Driveway	0.0295690004	Traffic_Signal	0.003031960597	
Person_or_Vehicle	0.3741355277	Other	0.08219390244	Building_or_Public_Space	0.412874461	Road_or_Driveway	0.1145004148	Traffic_Signal	0.01629569408	
Person_or_Vehicle	0.7409785192	Other	0.1361757528	Building_or_Public_Space	0.02773489523	Road_or_Driveway	0.07199837583	Traffic_Signal	0.02311245696	
Person_or_Vehicle	0.7580369452	Other	0.01624420639	Building_or_Public_Space	0.1291618428	Road_or_Driveway	0.08039748428	Traffic_Signal	0.01615952132	
Person_or_Vehicle	0.4094797405	Other	0.07146686096	Building_or_Public_Space	0.08454893628	Road_or_Driveway	0.4258377319	Traffic_Signal	0.008666730308	
Person_or_Vehicle	0.357511525	Other	0.05811314617	Building_or_Public_Space	0.1489952402	Road_or_Driveway	0.4198477807	Traffic_Signal	0.01553230787	
Person_or_Vehicle	0.1809283491	Other	0.01897611929	Building_or_Public_Space	0.5523804828	Road_or_Driveway	0.2134578439	Traffic_Signal	0.03425720479	
Person_or_Vehicle	0.06753871994	Other	0.0389028514	Building_or_Public_Space	0.09589839076	Road_or_Driveway	0.733578281	Traffic_Signal	0.06408175694	
Person_or_Vehicle	0.2030804116	Other	0.004101542727	Building_or_Public_Space	0.7834547873	Road_or_Driveway	0.00855978462	Traffic_Signal	0.0008034737527	
Person_or_Vehicle	0.2537295506	Other	0.002233513381	Building_or_Public_Space	0.7401141461	Road_or_Driveway	0.003668346234	Traffic_Signal	0.000254443711	
Person_or_Vehicle	0.1190587017	Other	0.02057172757	Building_or_Public_Space	0.84888027	Road_or_Driveway	0.01102750248	Traffic_Signal	0.0004617982169	
Person_or_Vehicle	0.1049597022	Other	0.1429463965	Building_or_Public_Space	0.7416891341	Road_or_Driveway	0.01017336019	Traffic_Signal	0.0002314070216	
Person_or_Vehicle	0.4064615414	Other	0.1429783152	Building_or_Public_Space	0.3044878756	Road_or_Driveway	0.1394119314	Traffic_Signal	0.00666033632	
Person_or_Vehicle	0.4340021373	Other	0.02539320765	Building_or_Public_Space	0.4928807131	Road_or_Driveway	0.0265181174	Traffic_Signal	0.02120582463	
Person_or_Vehicle	0.02909594195	Other	0.02025331441	Building_or_Public_Space	0.006016188255	Road_or_Driveway	0.9398715761	Traffic_Signal	0.004762979329	
Person_or_Vehicle	0.01091634917	Other	0.0145779387	Building_or_Public_Space	0.9332315452	Road_or_Driveway	0.03003862498	Traffic_Signal	0.01123554195	
Person_or_Vehicle	0.0155103857	Other	0.02665450435	Building_or_Public_Space	0.908195431	Road_or_Driveway	0.04117077103	Traffic_Signal	0.008468907967	
Person_or_Vehicle	0.3827647036	Other	0.375739912	Building_or_Public_Space	0.1513721971	Road_or_Driveway	0.07047694296	Traffic_Signal	0.01964624442	
Person_or_Vehicle	0.8674487935	Other	0.03408776126	Building_or_Public_Space	0.04045389793	Road_or_Driveway	0.05421530016	Traffic_Signal	0.003794247112	
Person_or_Vehicle	0.3699483933	Other	0.5668149904	Building_or_Public_Space	0.009307000385	Road_or_Driveway	0.02712104422	Traffic_Signal	0.02680857164	
Person_or_Vehicle	0.01738364268	Other	0.3409652937	Building_or_Public_Space	0.07432902708	Road_or_Driveway	0.5413246697	Traffic_Signal	0.02599736684	
Person_or_Vehicle	0.7871592483	Other	0.07177339414	Building_or_Public_Space	0.04103300624	Road_or_Driveway	0.04937656466	Traffic_Signal	0.05065778664	
Person_or_Vehicle	0.3710003638	Other	0.4693162938	Building_or_Public_Space	0.1089033915	Road_or_Driveway	0.0411135412	Traffic_Signal	0.009666409693	
Person_or_Vehicle	0.3280313128	Other	0.2197815595	Building_or_Public_Space	0.4347321728	Road_or_Driveway	0.01698493046	Traffic_Signal	0.0004700245024	
Person_or_Vehicle	0.6107731247	Other	0.01355439272	Building_or_Public_Space	0.3311054285	Road_or_Driveway	0.03417290857	Traffic_Signal	0.01039414546	
Person_or_Vehicle	0.8570632916	Other	0.02044206083	Building_or_Public_Space	0.08430727368	Road_or_Driveway	0.03631554401	Traffic_Signal	0.001871829873	
Person_or_Vehicle	0.9001956645	Other	0.01758901087	Building_or_Public_Space	0.06238004751	Road_or_Driveway	0.01948743389	Traffic_Signal	0.0003478432579	
Person_or_Vehicle	0.740269952	Other	0.01691023555	Building_or_Public_Space	0.1534049196	Road_or_Driveway	0.07406118692	Traffic_Signal	0.01535370591	
Person_or_Vehicle	0.8902965235	Other	0.01271420446	Building_or_Public_Space	0.04187354392	Road_or_Driveway	0.05190964169	Traffic_Signal	0.003206086397	
Person_or_Vehicle	0.8765281158	Other	0.04996669547	Building_or_Public_Space	0.03885762671	Road_or_Driveway	0.03201387211	Traffic_Signal	0.002633689874	
Person_or_Vehicle	0.7408794328	Other	0.04460455343	Building_or_Public_Space	0.1502990301	Road_or_Driveway	0.06000763542	Traffic_Signal	0.004209348281	
Person_or_Vehicle	0.8565141726	Other	0.02277804472	Building_or_Public_Space	0.09329452198	Road_or_Driveway	0.02597712163	Traffic_Signal	0.001436139024	
Person_or_Vehicle	0.8637960226	Other	0.03035557699	Building_or_Public_Space	0.08287326687	Road_or_Driveway	0.02265581347	Traffic_Signal	0.0003193201028	
Person_or_Vehicle	0.2439708253	Other	0.03565870844	Building_or_Public_Space	0.7032072101	Road_or_Driveway	0.01356700793	Traffic_Signal	0.003596248169	
Person_or_Vehicle	0.8386978685	Other	0.004229806634	Building_or_Public_Space	0.1517165312	Road_or_Driveway	0.002597680928	Traffic_Signal	0.002758112679	
Person_or_Vehicle	0.3161776766	Other	0.08680524305	Building_or_Public_Space	0.4916853893	Road_or_Driveway	0.09988426398	Traffic_Signal	0.005447427091	
Person_or_Vehicle	0.06218466518	Other	0.02206933608	Building_or_Public_Space	0.2511511651	Road_or_Driveway	0.6537378202	Traffic_Signal	0.01085701347	
Person_or_Vehicle	0.4699585803	Other	0.5063881714	Building_or_Public_Space	0.01626577423	Road_or_Driveway	0.006435370648	Traffic_Signal	0.0009521033738	
Person_or_Vehicle	0.1116039496	Other	0.5029741114	Building_or_Public_Space	0.1683293412	Road_or_Driveway	0.2120164247	Traffic_Signal	0.005076173096	
Person_or_Vehicle	0.120631016	Other	0.02793859822	Building_or_Public_Space	0.1899342625	Road_or_Driveway	0.6475816869	Traffic_Signal	0.01391443634	
Person_or_Vehicle	0.3696191288	Other	0.0184824503	Building_or_Public_Space	0.3756970825	Road_or_Driveway	0.232495079	Traffic_Signal	0.003706259392	
Person_or_Vehicle	0.7251577125	Other	0.01179452202	Building_or_Public_Space	0.2255188172	Road_or_Driveway	0.0351987575	Traffic_Signal	0.002330190773	
Person_or_Vehicle	0.3423173077	Other	0.04875922678	Building_or_Public_Space	0.06776365264	Road_or_Driveway	0.5364051967	Traffic_Signal	0.004754616175	
Person_or_Vehicle	0.8999819478	Other	0.01975247006	Building_or_Public_Space	0.06360093876	Road_or_Driveway	0.01546434358	Traffic_Signal	0.001200299814	
Person_or_Vehicle	0.1967011256	Other	0.07793621759	Building_or_Public_Space	0.04831695554	Road_or_Driveway	0.671113395	Traffic_Signal	0.005932306304	
Person_or_Vehicle	0.04378860461	Other	0.1387092369	Building_or_Public_Space	0.5950619564	Road_or_Driveway	0.192403288	Traffic_Signal	0.03003691413	
Person_or_Vehicle	0.08745028786	Other	0.03471012528	Building_or_Public_Space	0.4306678256	Road_or_Driveway	0.4141303386	Traffic_Signal	0.03304142272	
Person_or_Vehicle	0.02281494574	Other	0.04558031739	Building_or_Public_Space	0.5603339261	Road_or_Driveway	0.325333742	Traffic_Signal	0.04593706874	
Person_or_Vehicle	0.3159117479	Other	0.03225075668	Building_or_Public_Space	0.3752808097	Road_or_Driveway	0.09522138565	Traffic_Signal	0.1813353001	
Person_or_Vehicle	0.8480364568	Other	0.06205083725	Building_or_Public_Space	0.05815744172	Road_or_Driveway	0.02723783272	Traffic_Signal	0.004517431534	
Person_or_Vehicle	0.7972158142	Other	0.09358764991	Building_or_Public_Space	0.09235824142	Road_or_Driveway	0.01250379493	Traffic_Signal	0.004334499496	
Person_or_Vehicle	0.8777468582	Other	0.01845665224	Building_or_Public_Space	0.07705439234	Road_or_Driveway	0.02437691415	Traffic_Signal	0.002365183068	
Person_or_Vehicle	0.8757926995	Other	0.04135310581	Building_or_Public_Space	0.07214347525	Road_or_Driveway	0.008485748512	Traffic_Signal	0.002224970942	
Person_or_Vehicle	0.8892214643	Other	0.007378049185	Building_or_Public_Space	0.07751116008	Road_or_Driveway	0.02557323495	Traffic_Signal	0.0003160914811	
Person_or_Vehicle	0.2307622511	Other	0.1490139426	Building_or_Public_Space	0.5619169818	Road_or_Driveway	0.04038328372	Traffic_Signal	0.01792354076	
Person_or_Vehicle	0.7296834697	Other	0.03697694296	Building_or_Public_Space	0.114292232	Road_or_Driveway	0.1038342266	Traffic_Signal	0.01521312885	
Person_or_Vehicle	0.2572601409	Other	0.01935557719	Building_or_Public_Space	0.6674842371	Road_or_Driveway	0.05491263021	Traffic_Signal	0.0009874145892	
Person_or_Vehicle	0.139317091	Other	0.03209766085	Building_or_Public_Space	0.6444046926	Road_or_Driveway	0.1740433145	Traffic_Signal	0.010137241	
Person_or_Vehicle	0.1384689381	Other	0.01026989602	Building_or_Public_Space	0.8359312644	Road_or_Driveway	0.01327486136	Traffic_Signal	0.002055040088	
Person_or_Vehicle	0.2227476453	Other	0.01411129159	Building_or_Public_Space	0.7213038533	Road_or_Driveway	0.03636928283	Traffic_Signal	0.005467926956	
Person_or_Vehicle	0.2857838913	Other	0.01724004899	Building_or_Public_Space	0.6700376239	Road_or_Driveway	0.02578742825	Traffic_Signal	0.001151007542	
Person_or_Vehicle	0.5662671068	Other	0.01062082596	Building_or_Public_Space	0.4075085364	Road_or_Driveway	0.01136340651	Traffic_Signal	0.004240124271	
Person_or_Vehicle	0.884635099	Other	0.003640937569	Building_or_Public_Space	0.1060611888	Road_or_Driveway	0.003009631072	Traffic_Signal	0.002653143629	
Person_or_Vehicle	0.3554493703	Other	0.03011701672	Building_or_Public_Space	0.5995689903	Road_or_Driveway	0.01336377396	Traffic_Signal	0.00150084873	
Person_or_Vehicle	0.2442065156	Other	0.07674200755	Building_or_Public_Space	0.6605373531	Road_or_Driveway	0.01651436067	Traffic_Signal	0.001999763058	
Person_or_Vehicle	0.1829705761	Other	0.03558747037	Building_or_Public_Space	0.7200575971	Road_or_Driveway	0.05970478467	Traffic_Signal	0.001679571743	
Person_or_Vehicle	0.05132749839	Other	0.02037015364	Building_or_Public_Space	0.5580229731	Road_or_Driveway	0.3610053434	Traffic_Signal	0.009274031545	
Person_or_Vehicle	0.2076446272	Other	0.01664637105	Building_or_Public_Space	0.4579142123	Road_or_Driveway	0.3066179161	Traffic_Signal	0.01117687343	
Person_or_Vehicle	0.128071532	Other	0.0249818865	Building_or_Public_Space	0.8028869916	Road_or_Driveway	0.02398279963	Traffic_Signal	0.0200767903	
Person_or_Vehicle	0.3685883525	Other	0.0766144115	Building_or_Public_Space	0.1685369947	Road_or_Driveway	0.3764531408	Traffic_Signal	0.009807100489	
Person_or_Vehicle	0.5321141365	Other	0.02629446886	Building_or_Public_Space	0.1647182225	Road_or_Driveway	0.264054045	Traffic_Signal	0.01281912712	
Person_or_Vehicle	0.4374723879	Other	0.007667554258	Building_or_Public_Space	0.353893046	Road_or_Driveway	0.1939424602	Traffic_Signal	0.007024551725	
Person_or_Vehicle	0.2343876963	Other	0.04551059607	Building_or_Public_Space	0.03977412948	Road_or_Driveway	0.6770531604	Traffic_Signal	0.003274417781	
Person_or_Vehicle	0.2211869939	Other	0.07495762967	Building_or_Public_Space	0.6467800351	Road_or_Driveway	0.05392785898	Traffic_Signal	0.003147482367	
Person_or_Vehicle	0.4088007718	Other	0.01909523693	Building_or_Public_Space	0.388234411	Road_or_Driveway	0.181008316	Traffic_Signal	0.002861264223	
Person_or_Vehicle	0.2842794015	Other	0.04711835789	Building_or_Public_Space	0.4219452577	Road_or_Driveway	0.2366117072	Traffic_Signal	0.01004527568	
Person_or_Vehicle	0.1444945516	Other	0.01038899294	Building_or_Public_Space	0.444156397	Road_or_Driveway	0.3705025734	Traffic_Signal	0.03045748503	
Person_or_Vehicle	0.07631837407	Other	0.009519289776	Building_or_Public_Space	0.8958688609	Road_or_Driveway	0.01749575405	Traffic_Signal	0.0007977212287	
Person_or_Vehicle	0.29703595	Other	0.1577728579	Building_or_Public_Space	0.1000115704	Road_or_Driveway	0.4330890509	Traffic_Signal	0.01209057087	
Person_or_Vehicle	0.03010941895	Other	0.032200684	Building_or_Public_Space	0.6802957161	Road_or_Driveway	0.2430022047	Traffic_Signal	0.01439197622	
Person_or_Vehicle	0.5929587561	Other	0.01064966185	Building_or_Public_Space	0.3079620206	Road_or_Driveway	0.06589750826	Traffic_Signal	0.02253205315	
Person_or_Vehicle	0.3323161229	Other	0.02390385225	Building_or_Public_Space	0.549083525	Road_or_Driveway	0.08891692458	Traffic_Signal	0.005779575307	
Person_or_Vehicle	0.1546027588	Other	0.08271142313	Building_or_Public_Space	0.5869311313	Road_or_Driveway	0.1663734883	Traffic_Signal	0.009381198522	
Person_or_Vehicle	0.1349988939	Other	0.03012753139	Building_or_Public_Space	0.08979092269	Road_or_Driveway	0.6551493266	Traffic_Signal	0.08993332545	
Person_or_Vehicle	0.1820752846	Other	0.01872281338	Building_or_Public_Space	0.6361437016	Road_or_Driveway	0.1266152278	Traffic_Signal	0.03644297256	
Person_or_Vehicle	0.4175376584	Other	0.4271381771	Building_or_Public_Space	0.1198233363	Road_or_Driveway	0.01799097305	Traffic_Signal	0.01750985514	
Person_or_Vehicle	0.7802292651	Other	0.05931267218	Building_or_Public_Space	0.1259753826	Road_or_Driveway	0.03290862076	Traffic_Signal	0.001574059307	
Person_or_Vehicle	0.7523878102	Other	0.01986731404	Building_or_Public_Space	0.1994119062	Road_or_Driveway	0.02518678983	Traffic_Signal	0.00314617968	
Person_or_Vehicle	0.911636502	Other	0.02854027933	Building_or_Public_Space	0.03570076503	Road_or_Driveway	0.02091735254	Traffic_Signal	0.003205101128	
Person_or_Vehicle	0.5371630301	Other	0.06551404998	Building_or_Public_Space	0.3572324741	Road_or_Driveway	0.03090793893	Traffic_Signal	0.009182506895	
Person_or_Vehicle	0.113030794	Other	0.0495684168	Building_or_Public_Space	0.7982176481	Road_or_Driveway	0.03726648216	Traffic_Signal	0.001916658993	
Person_or_Vehicle	0.8463560272	Other	0.01202993756	Building_or_Public_Space	0.06928197745	Road_or_Driveway	0.07089118757	Traffic_Signal	0.001440870174	
Person_or_Vehicle	0.8758432467	Other	0.03272802506	Building_or_Public_Space	0.07455898635	Road_or_Driveway	0.01497397455	Traffic_Signal	0.001895767317	
Person_or_Vehicle	0.6388115447	Other	0.008501556633	Building_or_Public_Space	0.3442659055	Road_or_Driveway	0.006061739439	Traffic_Signal	0.002359253738	
Person_or_Vehicle	0.884635099	Other	0.003640937569	Building_or_Public_Space	0.1060611888	Road_or_Driveway	0.003009631072	Traffic_Signal	0.002653143629	
Person_or_Vehicle	0.3554493703	Other	0.03011701672	Building_or_Public_Space	0.5995689903	Road_or_Driveway	0.01336377396	Traffic_Signal	0.00150084873	
Person_or_Vehicle	0.6149611233	Other	0.0416151313	Building_or_Public_Space	0.3188328138	Road_or_Driveway	0.02118931483	Traffic_Signal	0.003401616791	
Person_or_Vehicle	0.9126611256	Other	0.005868334305	Building_or_Public_Space	0.07055986801	Road_or_Driveway	0.006955899962	Traffic_Signal	0.00395477208	
Person_or_Vehicle	0.569333329	Other	0.01842001502	Building_or_Public_Space	0.3938084435	Road_or_Driveway	0.005987570123	Traffic_Signal	0.0124506423	
Person_or_Vehicle	0.6981587696	Other	0.02810399971	Building_or_Public_Space	0.215421124	Road_or_Driveway	0.04577105475	Traffic_Signal	0.01254505186	
Person_or_Vehicle	0.9275912567	Other	0.01684097357	Building_or_Public_Space	0.04650873859	Road_or_Driveway	0.008323299779	Traffic_Signal	0.0007357314115	
Person_or_Vehicle	0.8392814437	Other	0.01940320885	Building_or_Public_Space	0.1362255515	Road_or_Driveway	0.004061652419	Traffic_Signal	0.001028143561	
Person_or_Vehicle	0.1563854101	Other	0.03235912526	Building_or_Public_Space	0.7630341402	Road_or_Driveway	0.02797638939	Traffic_Signal	0.02024493507	
Person_or_Vehicle	0.21953793	Other	0.01480446654	Building_or_Public_Space	0.1091898057	Road_or_Driveway	0.5801899875	Traffic_Signal	0.0762778102	
Person_or_Vehicle	0.1359199199	Other	0.01084720217	Building_or_Public_Space	0.7705580196	Road_or_Driveway	0.04110457539	Traffic_Signal	0.041570283	
Person_or_Vehicle	0.1465723436	Other	0.007991084307	Building_or_Public_Space	0.781636359	Road_or_Driveway	0.04144553993	Traffic_Signal	0.02235467317	
Person_or_Vehicle	0.7030102969	Other	0.01544653313	Building_or_Public_Space	0.2538406136	Road_or_Driveway	0.02240178023	Traffic_Signal	0.005300776058	
Person_or_Vehicle	0.5905044041	Other	0.2605773344	Building_or_Public_Space	0.1428101409	Road_or_Driveway	0.004374744736	Traffic_Signal	0.001733375834	
Person_or_Vehicle	0.3956973518	Other	0.3679000695	Building_or_Public_Space	0.2284514814	Road_or_Driveway	0.006987983521	Traffic_Signal	0.0009631137464	
Person_or_Vehicle	0.2712213345	Other	0.6786834667	Building_or_Public_Space	0.04522997695	Road_or_Driveway	0.004576627661	Traffic_Signal	0.0002885941664	
Person_or_Vehicle	0.02216012946	Other	0.01454170127	Building_or_Public_Space	0.1226190596	Road_or_Driveway	0.8362615544	Traffic_Signal	0.004417555228	
Person_or_Vehicle	0.09683203147	Other	0.006130768122	Building_or_Public_Space	0.8890737702	Road_or_Driveway	0.007605230126	Traffic_Signal	0.0003582000777	
Person_or_Vehicle	0.1192368159	Other	0.01576898799	Building_or_Public_Space	0.8176858914	Road_or_Driveway	0.0459669694	Traffic_Signal	0.00134133528	
Person_or_Vehicle	0.1280236184	Other	0.01738120698	Building_or_Public_Space	0.8008607239	Road_or_Driveway	0.0522853371	Traffic_Signal	0.001449113533	
Person_or_Vehicle	0.9097677262	Other	0.01506332445	Building_or_Public_Space	0.03821198412	Road_or_Driveway	0.0360228365	Traffic_Signal	0.0009341287727	
Person_or_Vehicle	0.9122319547	Other	0.02362126658	Building_or_Public_Space	0.05086703212	Road_or_Driveway	0.006998399559	Traffic_Signal	0.006281347012	
Person_or_Vehicle	0.02507606285	Other	0.1221376304	Building_or_Public_Space	0.04264349021	Road_or_Driveway	0.8041535995	Traffic_Signal	0.005989217046	
Person_or_Vehicle	0.2403381702	Other	0.09157800932	Building_or_Public_Space	0.311384165	Road_or_Driveway	0.3509123184	Traffic_Signal	0.005787337017	
Person_or_Vehicle	0.7993655016	Other	0.009339166959	Building_or_Public_Space	0.1798770243	Road_or_Driveway	0.00968853807	Traffic_Signal	0.001729768991	
Person_or_Vehicle	0.8859389087	Other	0.004538671562	Building_or_Public_Space	0.1019674292	Road_or_Driveway	0.007179940329	Traffic_Signal	0.0003750502004	
Person_or_Vehicle	0.1580158639	Other	0.0438057444	Building_or_Public_Space	0.7079082781	Road_or_Driveway	0.08094305817	Traffic_Signal	0.009327055412	
Person_or_Vehicle	0.4384724632	Other	0.01746848023	Building_or_Public_Space	0.5189259799	Road_or_Driveway	0.02341365985	Traffic_Signal	0.001719416826	
Person_or_Vehicle	0.3321163015	Other	0.03263028671	Building_or_Public_Space	0.5497846489	Road_or_Driveway	0.08087245586	Traffic_Signal	0.004596307034	
Person_or_Vehicle	0.7839967921	Other	0.07957693174	Building_or_Public_Space	0.131131956	Road_or_Driveway	0.004699284611	Traffic_Signal	0.0005950355801	
Person_or_Vehicle	0.01473671746	Other	0.01954971924	Building_or_Public_Space	0.7064346899	Road_or_Driveway	0.245539032	Traffic_Signal	0.01373984145	
Person_or_Vehicle	0.03206556223	Other	0.02864566735	Building_or_Public_Space	0.7923171304	Road_or_Driveway	0.1333492484	Traffic_Signal	0.01362239171	
Person_or_Vehicle	0.02398356806	Other	0.02348241904	Building_or_Public_Space	0.06625110393	Road_or_Driveway	0.8850566158	Traffic_Signal	0.00122629319	
Person_or_Vehicle	0.422051443	Other	0.03745066884	Building_or_Public_Space	0.2357732526	Road_or_Driveway	0.3032341999	Traffic_Signal	0.001490435622	
Person_or_Vehicle	0.8863231639	Other	0.01356176817	Building_or_Public_Space	0.06446944044	Road_or_Driveway	0.03477571653	Traffic_Signal	0.0008699109478	
Person_or_Vehicle	0.1245624028	Other	0.04864030536	Building_or_Public_Space	0.642049958	Road_or_Driveway	0.1813869718	Traffic_Signal	0.003360362012	
Person_or_Vehicle	0.5498578052	Other	0.02288600577	Building_or_Public_Space	0.3988482328	Road_or_Driveway	0.02403355145	Traffic_Signal	0.004374404795	
Person_or_Vehicle	0.08743431375	Other	0.5620646456	Building_or_Public_Space	0.3306701635	Road_or_Driveway	0.01463774074	Traffic_Signal	0.005193136424	
Person_or_Vehicle	0.2158238015	Other	0.01609139041	Building_or_Public_Space	0.1171575192	Road_or_Driveway	0.6409434579	Traffic_Signal	0.009983831083	
Person_or_Vehicle	0.9578394673	Other	0.01019993422	Building_or_Public_Space	0.01551959049	Road_or_Driveway	0.01456401056	Traffic_Signal	0.001876997412	
Person_or_Vehicle	0.3248179188	Other	0.05221541489	Building_or_Public_Space	0.1089850238	Road_or_Driveway	0.5101450567	Traffic_Signal	0.003836585858	
Person_or_Vehicle	0.1651462703	Other	0.01995848917	Building_or_Public_Space	0.2910727193	Road_or_Driveway	0.4895339589	Traffic_Signal	0.03428856227	
Person_or_Vehicle	0.474435916	Other	0.03894897114	Building_or_Public_Space	0.1703193126	Road_or_Driveway	0.303352479	Traffic_Signal	0.01294332128	
